0 1533776 52879 5102 1015 169 1 0 0 0 0 0 0 0 0 0 0 0 0 0 
0 0 0 0 0 0 0 0 0 0 0 0 0 0 0 0 0 0 0 0 
0 0 0 0 0 0 0 0 0 0 0 0 0 0 0 0 0 0 0 0 
0 0 0 0 0 0 0 0 0 0 0 0 0 0 0 0 0 0 0 0 
0 1505229 21458 1512 79 5 0 0 0 0 0 0 0 0 0 0 0 0 0 0 
0 0 0 0 0 0 0 0 0 0 0 0 0 0 0 0 0 0 0 0 
0 0 0 0 0 0 0 0 0 0 0 0 0 0 0 0 0 0 0 0 
0 0 0 0 0 0 0 0 0 0 0 0 0 0 0 0 0 0 0 0 
0 1340880 90651 6667 72 0 0 0 0 0 0 0 0 0 0 0 0 0 0 0 
0 0 0 0 0 0 0 0 0 0 0 0 0 0 0 0 0 0 0 0 
0 0 0 0 0 0 0 0 0 0 0 0 0 0 0 0 0 0 0 0 
0 0 0 0 0 0 0 0 0 0 0 0 0 0 0 0 0 0 0 0 
0 1373645 37067 257 3 0 0 0 0 0 0 0 0 0 0 0 0 0 0 0 
0 0 0 0 0 0 0 0 0 0 0 0 0 0 0 0 0 0 0 0 
0 0 0 0 0 0 0 0 0 0 0 0 0 0 0 0 0 0 0 0 
0 0 0 0 0 0 0 0 0 0 0 0 0 0 0 0 0 0 0 0 
0 1138625 31864 923 8 0 0 0 0 0 0 0 0 0 0 0 0 0 0 0 
0 0 0 0 0 0 0 0 0 0 0 0 0 0 0 0 0 0 0 0 
0 0 0 0 0 0 0 0 0 0 0 0 0 0 0 0 0 0 0 0 
0 0 0 0 0 0 0 0 0 0 0 0 0 0 0 0 0 0 0 0 
0 1533776 52879 5102 1015 169 1 0 0 0 0 0 0 0 0 0 0 0 0 0 
0 0 0 0 0 0 0 0 0 0 0 0 0 0 0 0 0 0 0 0 
0 0 0 0 0 0 0 0 0 0 0 0 0 0 0 0 0 0 0 0 
0 0 0 0 0 0 0 0 0 0 0 0 0 0 0 0 0 0 0 0 
0 1505229 21458 1512 79 5 0 0 0 0 0 0 0 0 0 0 0 0 0 0 
0 0 0 0 0 0 0 0 0 0 0 0 0 0 0 0 0 0 0 0 
0 0 0 0 0 0 0 0 0 0 0 0 0 0 0 0 0 0 0 0 
0 0 0 0 0 0 0 0 0 0 0 0 0 0 0 0 0 0 0 0 
0 1340880 90651 6667 72 0 0 0 0 0 0 0 0 0 0 0 0 0 0 0 
0 0 0 0 0 0 0 0 0 0 0 0 0 0 0 0 0 0 0 0 
0 0 0 0 0 0 0 0 0 0 0 0 0 0 0 0 0 0 0 0 
0 0 0 0 0 0 0 0 0 0 0 0 0 0 0 0 0 0 0 0 
0 1533776 52879 5102 1015 169 1 0 0 0 0 0 0 0 0 0 0 0 0 0 
0 0 0 0 0 0 0 0 0 0 0 0 0 0 0 0 0 0 0 0 
0 0 0 0 0 0 0 0 0 0 0 0 0 0 0 0 0 0 0 0 
0 0 0 0 0 0 0 0 0 0 0 0 0 0 0 0 0 0 0 0 
0 1533776 52879 5102 1015 169 1 0 0 0 0 0 0 0 0 0 0 0 0 0 
0 0 0 0 0 0 0 0 0 0 0 0 0 0 0 0 0 0 0 0 
0 0 0 0 0 0 0 0 0 0 0 0 0 0 0 0 0 0 0 0 
0 0 0 0 0 0 0 0 0 0 0 0 0 0 0 0 0 0 0 0 
0 1516520 22880 1775 96 5 0 0 0 0 0 0 0 0 0 0 0 0 0 0 
0 0 0 0 0 0 0 0 0 0 0 0 0 0 0 0 0 0 0 0 
0 0 0 0 0 0 0 0 0 0 0 0 0 0 0 0 0 0 0 0 
0 0 0 0 0 0 0 0 0 0 0 0 0 0 0 0 0 0 0 0 
0 1340880 90651 6667 72 0 0 0 0 0 0 0 0 0 0 0 0 0 0 0 
0 0 0 0 0 0 0 0 0 0 0 0 0 0 0 0 0 0 0 0 
0 0 0 0 0 0 0 0 0 0 0 0 0 0 0 0 0 0 0 0 
0 0 0 0 0 0 0 0 0 0 0 0 0 0 0 0 0 0 0 0 
0 1373645 37067 257 3 0 0 0 0 0 0 0 0 0 0 0 0 0 0 0 
0 0 0 0 0 0 0 0 0 0 0 0 0 0 0 0 0 0 0 0 
0 0 0 0 0 0 0 0 0 0 0 0 0 0 0 0 0 0 0 0 
0 0 0 0 0 0 0 0 0 0 0 0 0 0 0 0 0 0 0 0 
0 1138625 31864 923 8 0 0 0 0 0 0 0 0 0 0 0 0 0 0 0 
0 0 0 0 0 0 0 0 0 0 0 0 0 0 0 0 0 0 0 0 
0 0 0 0 0 0 0 0 0 0 0 0 0 0 0 0 0 0 0 0 
0 0 0 0 0 0 0 0 0 0 0 0 0 0 0 0 0 0 0 0 
0 1354684 40129 546 0 0 0 0 0 0 0 0 0 0 0 0 0 0 0 0 
0 0 0 0 0 0 0 0 0 0 0 0 0 0 0 0 0 0 0 0 
0 0 0 0 0 0 0 0 0 0 0 0 0 0 0 0 0 0 0 0 
0 0 0 0 0 0 0 0 0 0 0 0 0 0 0 0 0 0 0 0 
0 3281271 1092174 758572 591302 567602 368062 316203 207435 129495 72174 40923 22126 11077 4276 1232 94 2 0 0 
0 0 0 0 0 0 0 0 0 0 0 0 0 0 0 0 0 0 0 0 
0 0 0 0 0 0 0 0 0 0 0 0 0 0 0 0 0 0 0 0 
0 0 0 0 0 0 0 0 0 0 0 0 0 0 0 0 0 0 0 0 
0 1474470 45100 2443 94 0 0 0 0 0 0 0 0 0 0 0 0 0 0 0 
0 0 0 0 0 0 0 0 0 0 0 0 0 0 0 0 0 0 0 0 
0 0 0 0 0 0 0 0 0 0 0 0 0 0 0 0 0 0 0 0 
0 0 0 0 0 0 0 0 0 0 0 0 0 0 0 0 0 0 0 0 
0 1451453 59901 9229 1573 123 0 0 0 0 0 0 0 0 0 0 0 0 0 0 
0 0 0 0 0 0 0 0 0 0 0 0 0 0 0 0 0 0 0 0 
0 0 0 0 0 0 0 0 0 0 0 0 0 0 0 0 0 0 0 0 
0 0 0 0 0 0 0 0 0 0 0 0 0 0 0 0 0 0 0 0 
0 1329153 33485 199 0 0 0 0 0 0 0 0 0 0 0 0 0 0 0 0 
0 0 0 0 0 0 0 0 0 0 0 0 0 0 0 0 0 0 0 0 
0 0 0 0 0 0 0 0 0 0 0 0 0 0 0 0 0 0 0 0 
0 0 0 0 0 0 0 0 0 0 0 0 0 0 0 0 0 0 0 0 
0 1083029 30745 302 1 0 0 0 0 0 0 0 0 0 0 0 0 0 0 0 
0 0 0 0 0 0 0 0 0 0 0 0 0 0 0 0 0 0 0 0 
0 0 0 0 0 0 0 0 0 0 0 0 0 0 0 0 0 0 0 0 
0 0 0 0 0 0 0 0 0 0 0 0 0 0 0 0 0 0 0 0 
0 1084069 31223 713 3 0 0 0 0 0 0 0 0 0 0 0 0 0 0 0 
0 0 0 0 0 0 0 0 0 0 0 0 0 0 0 0 0 0 0 0 
0 0 0 0 0 0 0 0 0 0 0 0 0 0 0 0 0 0 0 0 
0 0 0 0 0 0 0 0 0 0 0 0 0 0 0 0 0 0 0 0 
0 810965 17979 1385 407 99 0 0 0 0 0 0 0 0 0 0 0 0 0 0 
0 0 0 0 0 0 0 0 0 0 0 0 0 0 0 0 0 0 0 0 
0 0 0 0 0 0 0 0 0 0 0 0 0 0 0 0 0 0 0 0 
0 0 0 0 0 0 0 0 0 0 0 0 0 0 0 0 0 0 0 0 
0 662366 16473 664 27 0 0 0 0 0 0 0 0 0 0 0 0 0 0 0 
0 0 0 0 0 0 0 0 0 0 0 0 0 0 0 0 0 0 0 0 
0 0 0 0 0 0 0 0 0 0 0 0 0 0 0 0 0 0 0 0 
0 0 0 0 0 0 0 0 0 0 0 0 0 0 0 0 0 0 0 0 
0 1069056 18153 141 0 0 0 0 0 0 0 0 0 0 0 0 0 0 0 0 
0 0 0 0 0 0 0 0 0 0 0 0 0 0 0 0 0 0 0 0 
0 0 0 0 0 0 0 0 0 0 0 0 0 0 0 0 0 0 0 0 
0 0 0 0 0 0 0 0 0 0 0 0 0 0 0 0 0 0 0 0 
0 1060938 16004 58 0 0 0 0 0 0 0 0 0 0 0 0 0 0 0 0 
0 0 0 0 0 0 0 0 0 0 0 0 0 0 0 0 0 0 0 0 
0 0 0 0 0 0 0 0 0 0 0 0 0 0 0 0 0 0 0 0 
0 0 0 0 0 0 0 0 0 0 0 0 0 0 0 0 0 0 0 0 
0 2261046 125751 18369 4886 966 16 0 0 0 0 0 0 0 0 0 0 0 0 0 
0 0 0 0 0 0 0 0 0 0 0 0 0 0 0 0 0 0 0 0 
0 0 0 0 0 0 0 0 0 0 0 0 0 0 0 0 0 0 0 0 
0 0 0 0 0 0 0 0 0 0 0 0 0 0 0 0 0 0 0 0 
0 2338707 89345 3806 225 4 0 0 0 0 0 0 0 0 0 0 0 0 0 0 
0 0 0 0 0 0 0 0 0 0 0 0 0 0 0 0 0 0 0 0 
0 0 0 0 0 0 0 0 0 0 0 0 0 0 0 0 0 0 0 0 
0 0 0 0 0 0 0 0 0 0 0 0 0 0 0 0 0 0 0 0 
0 1533776 52879 5102 1015 169 1 0 0 0 0 0 0 0 0 0 0 0 0 0 
0 0 0 0 0 0 0 0 0 0 0 0 0 0 0 0 0 0 0 0 
0 0 0 0 0 0 0 0 0 0 0 0 0 0 0 0 0 0 0 0 
0 0 0 0 0 0 0 0 0 0 0 0 0 0 0 0 0 0 0 0 
0 394256 3978 2 0 0 0 0 0 0 0 0 0 0 0 0 0 0 0 0 
0 383628 14291 310 7 0 0 0 0 0 0 0 0 0 0 0 0 0 0 0 
0 378493 17246 2212 279 5 0 0 0 0 0 0 0 0 0 0 0 0 0 0 
0 377399 17364 2578 729 164 1 0 0 0 0 0 0 0 0 0 0 0 0 0 
0 383923 1397 0 0 0 0 0 0 0 0 0 0 0 0 0 0 0 0 0 
0 379261 5980 78 0 0 0 0 0 0 0 0 0 0 0 0 0 0 0 0 
0 374557 9546 1147 64 5 0 0 0 0 0 0 0 0 0 0 0 0 0 0 
0 378779 5957 550 32 0 0 0 0 0 0 0 0 0 0 0 0 0 0 0 
0 334784 22906 1848 30 0 0 0 0 0 0 0 0 0 0 0 0 0 0 0 
0 336712 21189 1654 13 0 0 0 0 0 0 0 0 0 0 0 0 0 0 0 
0 333305 24331 1910 21 0 0 0 0 0 0 0 0 0 0 0 0 0 0 0 
0 336079 22225 1255 8 0 0 0 0 0 0 0 0 0 0 0 0 0 0 0 
0 345070 7666 8 0 0 0 0 0 0 0 0 0 0 0 0 0 0 0 0 
0 341447 11218 78 0 0 0 0 0 0 0 0 0 0 0 0 0 0 0 0 
0 341442 11154 144 3 0 0 0 0 0 0 0 0 0 0 0 0 0 0 0 
0 345686 7029 27 0 0 0 0 0 0 0 0 0 0 0 0 0 0 0 0 
0 289315 3476 65 0 0 0 0 0 0 0 0 0 0 0 0 0 0 0 0 
0 283319 9478 58 0 0 0 0 0 0 0 0 0 0 0 0 0 0 0 0 
0 279623 12445 779 8 0 0 0 0 0 0 0 0 0 0 0 0 0 0 0 
0 286368 6465 21 0 0 0 0 0 0 0 0 0 0 0 0 0 0 0 0 
0 342540 6276 24 0 0 0 0 0 0 0 0 0 0 0 0 0 0 0 0 
0 338430 10231 179 0 0 0 0 0 0 0 0 0 0 0 0 0 0 0 0 
0 333331 15225 284 0 0 0 0 0 0 0 0 0 0 0 0 0 0 0 0 
0 340383 8397 59 0 0 0 0 0 0 0 0 0 0 0 0 0 0 0 0 
0 755346 282833 197130 149177 140120 93626 83490 58300 41757 25902 16511 10679 6664 3226 1149 94 2 0 0 
0 970768 283546 177263 124970 112367 68874 57089 34090 19989 10356 4634 1688 330 40 1 0 0 0 0 
0 855305 228996 153364 131428 139489 99219 92577 68606 45759 25960 14165 7144 3111 801 81 0 0 0 0 
0 699852 296799 230815 185727 175626 106343 83047 46439 21990 9956 5613 2615 972 209 1 0 0 0 0 
0 373686 6620 221 0 0 0 0 0 0 0 0 0 0 0 0 0 0 0 0 
0 371425 8890 201 11 0 0 0 0 0 0 0 0 0 0 0 0 0 0 0 
0 366756 13294 465 12 0 0 0 0 0 0 0 0 0 0 0 0 0 0 0 
0 362603 16296 1556 71 0 0 0 0 0 0 0 0 0 0 0 0 0 0 0 
0 366472 11102 2305 630 61 0 0 0 0 0 0 0 0 0 0 0 0 0 0 
0 363164 14917 2231 258 0 0 0 0 0 0 0 0 0 0 0 0 0 0 0 
0 364998 15097 475 0 0 0 0 0 0 0 0 0 0 0 0 0 0 0 0 
0 356819 18785 4218 685 62 0 0 0 0 0 0 0 0 0 0 0 0 0 0 
0 332666 8037 7 0 0 0 0 0 0 0 0 0 0 0 0 0 0 0 0 
0 333756 6921 32 0 0 0 0 0 0 0 0 0 0 0 0 0 0 0 0 
0 330011 10564 134 0 0 0 0 0 0 0 0 0 0 0 0 0 0 0 0 
0 332720 7963 26 0 0 0 0 0 0 0 0 0 0 0 0 0 0 0 0 
0 276265 2218 37 0 0 0 0 0 0 0 0 0 0 0 0 0 0 0 0 
0 270307 8190 22 0 0 0 0 0 0 0 0 0 0 0 0 0 0 0 0 
0 266178 12150 190 1 0 0 0 0 0 0 0 0 0 0 0 0 0 0 0 
0 270279 8187 53 0 0 0 0 0 0 0 0 0 0 0 0 0 0 0 0 
0 274195 4640 168 0 0 0 0 0 0 0 0 0 0 0 0 0 0 0 0 
0 271640 7203 157 2 0 0 0 0 0 0 0 0 0 0 0 0 0 0 0 
0 267737 10894 370 1 0 0 0 0 0 0 0 0 0 0 0 0 0 0 0 
0 270497 8486 18 0 0 0 0 0 0 0 0 0 0 0 0 0 0 0 0 
0 205446 2255 8 0 0 0 0 0 0 0 0 0 0 0 0 0 0 0 0 
0 202787 4881 41 0 0 0 0 0 0 0 0 0 0 0 0 0 0 0 0 
0 202476 4891 308 34 0 0 0 0 0 0 0 0 0 0 0 0 0 0 0 
0 200256 5952 1028 373 99 0 0 0 0 0 0 0 0 0 0 0 0 0 0 
0 166830 3044 9 0 0 0 0 0 0 0 0 0 0 0 0 0 0 0 0 
0 164485 5306 92 0 0 0 0 0 0 0 0 0 0 0 0 0 0 0 0 
0 165099 4571 206 6 0 0 0 0 0 0 0 0 0 0 0 0 0 0 0 
0 165952 3552 357 21 0 0 0 0 0 0 0 0 0 0 0 0 0 0 0 
0 269902 1925 11 0 0 0 0 0 0 0 0 0 0 0 0 0 0 0 0 
0 268226 3607 5 0 0 0 0 0 0 0 0 0 0 0 0 0 0 0 0 
0 264884 6933 20 0 0 0 0 0 0 0 0 0 0 0 0 0 0 0 0 
0 266044 5688 105 0 0 0 0 0 0 0 0 0 0 0 0 0 0 0 0 
0 267176 2070 5 0 0 0 0 0 0 0 0 0 0 0 0 0 0 0 0 
0 265985 3261 4 0 0 0 0 0 0 0 0 0 0 0 0 0 0 0 0 
0 261976 7240 34 0 0 0 0 0 0 0 0 0 0 0 0 0 0 0 0 
0 265801 3433 15 0 0 0 0 0 0 0 0 0 0 0 0 0 0 0 0 
0 560938 33331 6880 1433 177 0 0 0 0 0 0 0 0 0 0 0 0 0 0 
0 548020 40373 10131 3430 789 16 0 0 0 0 0 0 0 0 0 0 0 0 0 
0 570093 31611 1031 23 0 0 0 0 0 0 0 0 0 0 0 0 0 0 0 
0 581995 20436 327 0 0 0 0 0 0 0 0 0 0 0 0 0 0 0 0 
0 589748 17889 385 0 0 0 0 0 0 0 0 0 0 0 0 0 0 0 0 
0 586467 21150 405 0 0 0 0 0 0 0 0 0 0 0 0 0 0 0 0 
0 577655 28832 1460 75 0 0 0 0 0 0 0 0 0 0 0 0 0 0 0 
0 584837 21474 1556 150 4 0 0 0 0 0 0 0 0 0 0 0 0 0 0 
