0 283181 206436 203105 191438 197135 64058 14435 4433 808 13 0 0 0 0 0 0 0 0 0 
0 294395 216495 208598 195454 195695 47915 5309 1063 117 0 0 0 0 0 0 0 0 0 0 
0 307486 229098 212306 192159 183171 38243 2569 9 0 0 0 0 0 0 0 0 0 0 0 
0 306398 224721 206159 192185 189799 40912 4052 759 56 0 0 0 0 0 0 0 0 0 0 
0 423791 310098 300949 284716 281802 79801 7723 1315 148 8 0 0 0 0 0 0 0 0 0 
0 449543 330821 293101 267803 278574 67668 2782 58 0 0 0 0 0 0 0 0 0 0 0 
0 442266 315086 290925 274710 282122 78772 5442 813 212 2 0 0 0 0 0 0 0 0 0 
0 441064 316261 282467 266916 275767 104815 2845 204 10 0 0 0 0 0 0 0 0 0 0 
0 409368 301872 289509 270420 276793 80873 16607 4648 1178 119 0 0 0 0 0 0 0 0 0 
0 434383 313952 289404 262097 262942 77528 9528 1426 127 0 0 0 0 0 0 0 0 0 0 
0 424089 315787 282390 257483 269475 82321 15605 3348 804 85 0 0 0 0 0 0 0 0 0 
0 435207 318314 286392 258101 268905 74161 8810 1348 144 4 0 0 0 0 0 0 0 0 0 
0 424632 315751 305705 284059 286898 86802 17190 3557 717 134 22 0 0 0 0 0 0 0 0 
0 451248 329569 294586 266114 273502 89154 15237 4666 1283 106 1 0 0 0 0 0 0 0 0 
0 432785 318419 290001 272386 292318 91346 17494 7240 2908 550 19 0 0 0 0 0 0 0 0 
0 442414 319872 297769 277813 291270 84207 10047 1830 232 12 0 0 0 0 0 0 0 0 0 
0 337131 247937 235823 220710 223488 65960 5446 634 144 11 0 0 0 0 0 0 0 0 0 
0 346169 255318 235833 215935 215649 58156 8137 1743 336 7 0 0 0 0 0 0 0 0 0 
0 354871 257966 236458 218156 220881 45537 3312 102 0 0 0 0 0 0 0 0 0 0 0 
0 350829 259489 238067 221442 216361 44173 5082 1337 441 61 0 0 0 0 0 0 0 0 0 
0 361973 265586 254082 235860 236579 66676 7369 1594 333 50 0 0 0 0 0 0 0 0 0 
0 379561 270606 245510 227104 231355 66676 7747 1429 113 0 0 0 0 0 0 0 0 0 0 
0 370258 269131 251751 238098 244416 54316 1753 284 94 0 0 0 0 0 0 0 0 0 0 
0 374987 271065 251497 235242 239233 54928 2840 297 12 0 0 0 0 0 0 0 0 0 0 
0 441534 319705 309220 297386 316749 98912 6513 1228 269 15 0 0 0 0 0 0 0 0 0 
0 462563 336832 315352 290023 296591 82535 5200 1637 667 128 2 0 0 0 0 0 0 0 0 
0 455351 335037 312170 293198 309223 81705 4167 533 129 17 0 0 0 0 0 0 0 0 0 
0 458101 330253 306226 288017 302646 91072 9816 3522 1583 291 3 0 0 0 0 0 0 0 0 
0 557207 409449 393852 374193 395017 122433 21656 8238 3058 573 91 4 0 0 0 0 0 0 0 
0 570428 427649 397657 361906 377593 116769 23865 7246 2253 363 41 0 0 0 0 0 0 0 0 
0 573267 431418 391362 364308 389293 114132 15763 4446 1617 164 0 0 0 0 0 0 0 0 0 
0 592031 420965 387825 365971 391002 116709 8651 2160 439 17 0 0 0 0 0 0 0 0 0 
0 433847 327492 281732 253731 252833 100776 3741 456 16 0 0 0 0 0 0 0 0 0 0 
0 430308 323010 279486 254982 261911 93402 9292 1990 238 5 0 0 0 0 0 0 0 0 0 
0 435285 328777 281678 257121 265325 84862 1411 162 2 0 0 0 0 0 0 0 0 0 0 
0 444603 327730 279438 253652 258182 88095 2426 421 76 0 0 0 0 0 0 0 0 0 0 
0 543587 378239 281757 259177 259762 69736 11565 3039 860 223 15 0 0 0 0 0 0 0 0 
0 520996 370180 294891 269451 268655 70148 10989 2037 534 75 4 0 0 0 0 0 0 0 0 
0 494375 360920 305442 273260 275283 78771 15778 3408 671 51 0 0 0 0 0 0 0 0 0 
0 499520 356762 281440 262900 272524 91269 28198 10671 3598 957 120 0 0 0 0 0 0 0 0 
0 344123 251948 240361 224283 227304 62852 4416 325 32 0 0 0 0 0 0 0 0 0 0 
0 353846 258938 243050 223364 217352 50486 6267 1716 529 96 0 0 0 0 0 0 0 0 0 
0 338385 249677 234961 217199 222011 64950 18253 7074 2673 424 36 0 0 0 0 0 0 0 0 
0 350064 254779 238014 223020 230030 53560 4197 1579 384 16 0 0 0 0 0 0 0 0 0 
0 401203 291617 280076 261709 264689 75378 9524 1886 497 164 45 0 0 0 0 0 0 0 0 
0 401548 300593 286792 261950 257228 65913 10762 1636 329 36 1 0 0 0 0 0 0 0 0 
0 392875 297807 283080 257614 259409 76806 14718 3643 794 41 0 0 0 0 0 0 0 0 0 
0 396241 291443 277014 262394 275447 75143 6147 2197 688 68 5 0 0 0 0 0 0 0 0 
0 446651 324748 318250 297912 304641 105893 18534 3886 455 6 0 0 0 0 0 0 0 0 0 
0 452986 339056 318864 293856 297757 96260 17543 3972 672 9 0 0 0 0 0 0 0 0 0 
0 457438 333977 308044 286351 303703 105062 18004 5724 2121 508 43 0 0 0 0 0 0 0 0 
0 473143 335166 307874 288829 307277 101595 6126 815 150 0 0 0 0 0 0 0 0 0 0 
0 431059 313523 303433 286622 297057 101159 17020 4535 1058 101 0 0 0 0 0 0 0 0 0 
0 430486 325066 304763 281956 291440 99976 18710 2839 317 14 0 0 0 0 0 0 0 0 0 
0 445950 327921 301324 277398 290822 97483 11851 2422 391 4 0 0 0 0 0 0 0 0 0 
0 447312 325348 300405 279296 295860 94147 9382 2723 1001 92 0 0 0 0 0 0 0 0 0 
0 358691 263021 255713 241580 248047 82525 7260 1310 182 4 0 0 0 0 0 0 0 0 0 
0 370016 265004 252139 237572 248825 75442 7436 1748 151 0 0 0 0 0 0 0 0 0 0 
0 361885 270621 252174 235687 249686 75886 10063 1907 416 8 0 0 0 0 0 0 0 0 0 
0 367318 267730 252512 236838 251000 75835 5906 1051 142 0 0 0 0 0 0 0 0 0 0 
0 404244 296194 288265 275222 287716 98278 10187 2056 439 48 0 0 0 0 0 0 0 0 0 
0 410499 297829 285393 270711 285130 96142 13844 2921 180 0 0 0 0 0 0 0 0 0 0 
0 409462 302592 286380 269261 285686 93448 13340 2280 199 0 0 0 0 0 0 0 0 0 0 
0 416736 298744 286911 271812 285693 90909 7514 2541 1401 371 16 0 0 0 0 0 0 0 0 
0 337866 247871 242419 232537 245076 78433 18467 6397 1954 396 59 4 0 0 0 0 0 0 0 
0 363996 269042 244344 229043 242185 61028 1755 84 1 0 0 0 0 0 0 0 0 0 0 
0 365422 267030 244579 227785 235830 63794 5697 1087 229 25 0 0 0 0 0 0 0 0 0 
0 363544 265270 242339 227816 241882 65980 4167 467 13 0 0 0 0 0 0 0 0 0 0 
0 342231 251868 244880 234878 246416 74943 15942 4834 1002 111 19 0 0 0 0 0 0 0 0 
0 360344 265023 247434 232156 245729 63566 2504 331 37 0 0 0 0 0 0 0 0 0 0 
0 353460 265101 242593 226415 244691 72435 8029 2660 1401 332 6 0 0 0 0 0 0 0 0 
0 358400 262494 244185 229264 243797 70784 5826 1674 593 103 3 0 0 0 0 0 0 0 0 
0 268612 198867 191350 181572 190757 57334 11509 2940 578 64 3 0 0 0 0 0 0 0 0 
0 277518 202159 192042 182677 187467 55148 5544 934 97 0 0 0 0 0 0 0 0 0 0 
0 268201 198971 194543 188278 189138 54705 7961 1615 174 0 0 0 0 0 0 0 0 0 0 
0 278024 203625 195803 186964 192583 43449 2668 415 54 0 0 0 0 0 0 0 0 0 0 
0 235745 169281 163716 157037 159745 42061 2204 601 81 0 0 0 0 0 0 0 0 0 0 
0 231459 170692 160843 153855 163697 46952 2657 313 3 0 0 0 0 0 0 0 0 0 0 
0 228380 169220 158569 150577 161315 49497 9801 2520 572 20 0 0 0 0 0 0 0 0 0 
0 228316 167405 162055 156393 166237 42280 6029 1458 277 20 0 0 0 0 0 0 0 0 0 
0 352720 259858 251166 240076 254997 85981 16025 6113 2020 246 4 0 0 0 0 0 0 0 0 
0 374530 273018 256141 240019 246979 71789 5733 804 172 21 0 0 0 0 0 0 0 0 0 
0 390363 284054 251108 232924 245621 62734 2169 156 67 10 0 0 0 0 0 0 0 0 0 
0 374464 272161 256082 241476 249737 67651 5479 1668 457 30 0 0 0 0 0 0 0 0 0 
0 363889 265574 254430 241701 256482 83037 13743 3556 480 3 0 0 0 0 0 0 0 0 0 
0 374184 271179 253349 239101 253904 76735 10891 2704 707 126 15 0 0 0 0 0 0 0 0 
0 375195 274010 256979 242740 254660 71155 5547 2114 487 8 0 0 0 0 0 0 0 0 0 
0 369079 271261 256125 243910 260866 76382 4166 938 167 0 0 0 0 0 0 0 0 0 0 
0 607034 433743 416995 389851 406185 143245 17397 5375 1894 246 3 0 0 0 0 0 0 0 0 
0 613577 449474 420060 381467 391816 133962 23163 6001 1948 449 50 0 0 0 0 0 0 0 0 
0 577515 436549 408656 379406 399301 149914 46086 17289 5734 1166 315 36 0 0 0 0 0 0 0 
0 609659 439047 409874 388259 416727 143022 12766 2271 339 2 0 0 0 0 0 0 0 0 0 
0 616241 447669 427427 393626 402663 150666 30048 9128 2608 213 4 0 0 0 0 0 0 0 0 
0 632478 472394 436098 375303 368813 138969 39184 12123 4053 754 121 3 0 0 0 0 0 0 0 
0 619870 466145 425522 380466 392967 142421 37165 11130 3688 822 97 0 0 0 0 0 0 0 0 
0 615504 443592 423773 401519 425479 150668 15947 3231 575 4 0 0 0 0 0 0 0 0 0 
0 424695 310573 296866 287158 309806 101134 8499 2066 518 110 9 0 0 0 0 0 0 0 0 
0 433169 319525 300207 284859 303982 89874 8107 1385 301 24 0 0 0 0 0 0 0 0 0 
0 436348 318330 297928 283865 302901 95502 5293 989 272 5 0 0 0 0 0 0 0 0 0 
0 440010 320332 301140 282748 299873 90172 5467 1428 256 7 0 0 0 0 0 0 0 0 0 
0 447324 321497 311638 300628 321176 115540 10117 1884 600 132 2 0 0 0 0 0 0 0 0 
0 448623 326506 313462 299244 317469 110019 12201 2559 411 43 0 0 0 0 0 0 0 0 0 
0 459137 331714 311814 297230 316580 105277 7204 1392 189 0 0 0 0 0 0 0 0 0 0 
0 469226 332529 308700 295247 317498 102572 4025 659 80 0 0 0 0 0 0 0 0 0 0 
0 578615 415867 406811 387670 403629 160124 26358 9982 3791 571 13 0 0 0 0 0 0 0 0 
0 581033 422893 410190 388870 407417 150527 23724 6592 1785 339 61 0 0 0 0 0 0 0 0 
0 584566 438904 405772 374940 393689 143154 33788 12701 4804 883 205 24 0 0 0 0 0 0 0 
0 584054 434942 411503 385356 403954 133171 27655 8876 3291 598 30 0 0 0 0 0 0 0 0 
0 573757 419547 400887 377047 395713 149033 20036 4718 1404 387 18 0 0 0 0 0 0 0 0 
0 576203 414449 391981 367813 385469 155348 36279 11864 2887 242 11 0 0 0 0 0 0 0 0 
0 575449 427167 394435 365784 383061 142026 36284 13123 4615 564 38 0 0 0 0 0 0 0 0 
0 583116 423919 394943 372563 395023 141111 23896 6343 1481 150 0 0 0 0 0 0 0 0 0 
0 358371 261154 251581 237386 247970 71159 6990 2070 559 2 0 0 0 0 0 0 0 0 0 
0 359362 264603 253834 240712 247420 63765 6243 1071 230 1 0 0 0 0 0 0 0 0 0 
0 353609 263820 251481 234834 242456 76211 10678 3194 834 120 4 0 0 0 0 0 0 0 0 
0 355466 257353 243661 233352 252409 81475 9776 2805 812 123 9 0 0 0 0 0 0 0 0 
0 363676 262865 256598 242662 247846 70703 8208 2447 614 29 0 0 0 0 0 0 0 0 0 
0 357695 263846 254103 243317 256669 69517 7998 2031 457 15 0 0 0 0 0 0 0 0 0 
0 351079 264759 252774 236737 250720 82990 12668 3213 681 27 0 0 0 0 0 0 0 0 0 
0 353056 259792 250179 239344 255084 84635 11520 1952 85 0 0 0 0 0 0 0 0 0 0 
0 408275 301253 291440 272381 276474 81333 9537 1431 154 4 0 0 0 0 0 0 0 0 0 
0 422874 305117 285345 264656 271090 80980 10000 1852 354 13 0 0 0 0 0 0 0 0 0 
0 420984 311992 284574 262740 277306 81091 3561 33 0 0 0 0 0 0 0 0 0 0 0 
0 425253 307655 286725 265953 272175 76853 6847 776 44 0 0 0 0 0 0 0 0 0 0 
0 400639 296378 284995 266100 264720 75851 8122 1557 386 99 0 0 0 0 0 0 0 0 0 
0 403887 297232 275310 253586 262012 89242 14346 2848 381 2 0 0 0 0 0 0 0 0 0 
0 406018 299809 274309 255917 269270 85274 7395 827 27 0 0 0 0 0 0 0 0 0 0 
0 404812 296708 277809 259892 270151 81902 6542 871 148 11 0 0 0 0 0 0 0 0 0 
0 440894 321958 311885 296014 301525 83702 6929 965 116 7 0 0 0 0 0 0 0 0 0 
0 440021 327745 315463 292919 295849 79854 10307 1700 137 0 0 0 0 0 0 0 0 0 0 
0 430563 328423 320580 294534 278837 78376 22793 7029 2355 439 63 2 0 0 0 0 0 0 0 
0 441756 323331 318284 301730 297596 70750 8635 1783 128 1 0 0 0 0 0 0 0 0 0 
0 435498 314789 309050 295419 307257 90290 12970 3770 612 57 0 0 0 0 0 0 0 0 0 
0 438925 322340 311022 289768 298359 91956 14346 2619 355 21 0 0 0 0 0 0 0 0 0 
0 432512 327281 311462 288118 292909 89950 20361 5236 1540 310 32 0 0 0 0 0 0 0 0 
0 440661 319087 309752 293961 306500 92411 6663 656 20 0 0 0 0 0 0 0 0 0 0 
0 473639 347828 329879 309065 325778 109933 13632 2975 575 9 0 0 0 0 0 0 0 0 0 
0 500375 372253 339910 298228 295077 91532 13329 1996 530 82 0 0 0 0 0 0 0 0 0 
0 502217 371137 337614 303488 305484 79811 10942 2185 398 36 0 0 0 0 0 0 0 0 0 
0 502091 360723 332945 307955 318333 84636 5956 640 33 0 0 0 0 0 0 0 0 0 0 
0 478768 342616 327788 305845 318768 112065 11229 1573 71 0 0 0 0 0 0 0 0 0 0 
0 480007 355818 327008 296586 309411 106850 19234 3407 398 3 0 0 0 0 0 0 0 0 0 
0 497112 362558 328530 300298 317087 86041 6193 767 134 2 0 0 0 0 0 0 0 0 0 
0 499566 354354 326257 303422 319863 89000 5358 794 107 0 0 0 0 0 0 0 0 0 0 
0 476802 345497 330392 314901 331743 104073 9112 1180 345 55 0 0 0 0 0 0 0 0 0 
0 484170 350289 334162 307118 310878 102524 18799 4867 1227 66 0 0 0 0 0 0 0 0 0 
0 488291 358485 329177 300799 312134 98588 19531 5432 1496 165 2 0 0 0 0 0 0 0 0 
0 489438 352989 330052 307578 320414 93558 14567 4374 1097 32 0 0 0 0 0 0 0 0 0 
0 485309 354816 341162 323217 336845 113668 19223 4102 921 116 3 0 0 0 0 0 0 0 0 
0 492111 364280 347197 320845 326308 103249 19042 4873 1295 177 4 0 0 0 0 0 0 0 0 
0 503578 371948 345253 318492 327802 95049 12695 2905 1121 419 117 2 0 0 0 0 0 0 0 
0 500241 368007 338151 315612 334784 104883 14232 3097 365 9 0 0 0 0 0 0 0 0 0 
0 358678 258089 247283 237719 254943 82403 7862 1623 487 291 150 17 0 0 0 0 0 0 0 
0 367847 268513 249353 235951 250873 69367 6364 1207 70 0 0 0 0 0 0 0 0 0 0 
0 380973 273502 248287 234090 248603 61885 2134 70 0 0 0 0 0 0 0 0 0 0 0 
0 369270 266579 248300 236998 250250 65860 7958 3060 1054 207 8 0 0 0 0 0 0 0 0 
0 417198 307582 289801 276656 295989 90617 9654 2008 309 8 0 0 0 0 0 0 0 0 0 
0 422177 311291 292400 276215 292597 79430 10918 3262 1263 243 25 0 0 0 0 0 0 0 0 
0 420739 309305 293850 277191 290867 84273 11549 1849 186 12 0 0 0 0 0 0 0 0 0 
0 428113 309420 289966 276650 295181 80121 7944 1859 526 41 0 0 0 0 0 0 0 0 0 
0 500695 360103 345848 327952 344931 118810 9328 1690 239 3 0 0 0 0 0 0 0 0 0 
0 530675 385024 346524 312600 320754 99810 12187 1685 314 25 0 0 0 0 0 0 0 0 0 
0 517949 367780 343536 320369 334193 112567 11807 1336 61 0 0 0 0 0 0 0 0 0 0 
0 523978 374375 339858 316861 335895 107613 8858 1938 222 0 0 0 0 0 0 0 0 0 0 
0 524953 376137 352643 335076 356064 124026 9418 1944 558 76 1 0 0 0 0 0 0 0 0 
0 541065 382853 353209 325435 338303 118396 17655 3441 524 15 0 0 0 0 0 0 0 0 0 
0 531963 382817 354243 330836 349476 118122 11886 1471 82 0 0 0 0 0 0 0 0 0 0 
0 533517 376928 356657 334675 347148 121365 9064 1454 87 0 0 0 0 0 0 0 0 0 0 
0 556412 415940 408450 393578 405744 126633 24207 7024 2037 167 0 0 0 0 0 0 0 0 0 
0 599183 440083 398763 360615 372044 132979 26088 7619 2555 254 8 0 0 0 0 0 0 0 0 
0 623870 448381 395411 342775 340250 126865 40172 14836 6062 1358 206 5 0 0 0 0 0 0 0 
0 610440 422044 391487 370069 391860 138418 12289 2764 680 119 21 0 0 0 0 0 0 0 0 
0 528890 393623 377136 355462 360859 112729 19659 4476 722 47 0 0 0 0 0 0 0 0 0 
0 579307 420538 368498 324717 330955 107294 16116 4294 1492 355 37 0 0 0 0 0 0 0 0 
0 564390 410902 363516 322108 324855 117983 32784 12437 3986 568 74 0 0 0 0 0 0 0 0 
0 546794 393453 367915 342756 360435 124620 14075 3058 466 30 0 0 0 0 0 0 0 0 0 
0 469425 332997 324891 307316 318957 112334 8731 1284 136 0 0 0 0 0 0 0 0 0 0 
0 475270 348192 332313 302334 302754 93586 14782 3939 2030 737 134 0 0 0 0 0 0 0 0 
0 474349 357054 333727 299768 301634 88872 16339 3407 846 73 1 0 0 0 0 0 0 0 0 
0 471817 346260 331103 307172 315626 91212 10296 2124 439 21 0 0 0 0 0 0 0 0 0 
0 460234 335484 321586 300115 311103 103527 9850 1887 447 49 0 0 0 0 0 0 0 0 0 
0 463568 340190 324772 290222 295302 99674 21267 6762 2129 369 26 0 0 0 0 0 0 0 0 
0 467975 347399 328873 295151 299099 88750 14124 2586 309 15 0 0 0 0 0 0 0 0 0 
0 468412 342181 325756 303618 312541 86706 4297 627 140 3 0 0 0 0 0 0 0 0 0 
0 406661 296392 282004 266820 286151 90708 6984 1551 684 103 1 0 0 0 0 0 0 0 0 
0 413315 301881 285916 269305 285456 79243 2658 266 18 0 0 0 0 0 0 0 0 0 0 
0 404430 300836 286086 267753 281430 85353 10210 1696 260 4 0 0 0 0 0 0 0 0 0 
0 398463 298042 282192 268989 289221 92282 7513 1274 82 0 0 0 0 0 0 0 0 0 0 
0 556383 408429 386335 360492 376572 132205 20905 4184 850 51 0 0 0 0 0 0 0 0 0 
0 570556 425478 374541 336659 351055 132169 39197 12709 3678 358 5 0 0 0 0 0 0 0 0 
0 555809 411521 377846 352207 374744 132832 31096 8214 1996 135 5 0 0 0 0 0 0 0 0 
0 546525 405545 388675 370638 393987 126815 12250 1623 321 26 0 0 0 0 0 0 0 0 0 
0 543467 400119 380282 351276 365258 125089 16513 4122 916 60 0 0 0 0 0 0 0 0 0 
0 550553 408148 380791 348563 360434 116170 18478 3490 472 2 0 0 0 0 0 0 0 0 0 
0 581461 423557 381579 339141 347909 100484 11000 1746 210 14 0 0 0 0 0 0 0 0 0 
0 572304 414601 372733 344643 366772 107509 7231 1193 115 0 0 0 0 0 0 0 0 0 0 
0 519669 373807 364906 346359 357160 123629 15261 4382 1645 577 124 1 0 0 0 0 0 0 0 
0 531549 390551 362140 334623 346931 114259 19731 5597 1918 200 20 0 0 0 0 0 0 0 0 
0 550127 399201 364922 328269 337531 107949 15025 3218 1033 242 2 0 0 0 0 0 0 0 0 
0 539629 390906 361707 336768 354713 113427 9119 1205 45 0 0 0 0 0 0 0 0 0 0 
0 426071 309152 301915 290840 305860 96622 15848 3233 849 195 19 0 0 0 0 0 0 0 0 
0 425019 320045 304779 284768 298786 98508 15304 2911 459 24 0 0 0 0 0 0 0 0 0 
0 424716 315709 300445 284593 302686 102205 15017 4053 1130 49 0 0 0 0 0 0 0 0 0 
0 431850 313733 302585 290403 309583 95360 5381 1333 348 27 0 0 0 0 0 0 0 0 0 
0 468434 341032 319326 297677 307260 104161 19532 4748 1501 484 149 0 0 0 0 0 0 0 0 
0 460487 344594 312928 286659 299515 114072 30225 10227 3879 1211 478 28 0 0 0 0 0 0 0 
0 442198 335157 314691 294190 313280 116985 31722 11459 3857 678 86 0 0 0 0 0 0 0 0 
0 455021 328784 317215 306501 329218 115426 8529 2709 873 27 0 0 0 0 0 0 0 0 0 
0 332969 244816 233462 222049 232136 67783 4036 635 52 0 0 0 0 0 0 0 0 0 0 
0 340633 252223 234988 220073 227492 58336 3552 528 106 6 0 0 0 0 0 0 0 0 0 
0 345123 251979 232979 215492 219080 58999 9342 3060 1530 326 27 0 0 0 0 0 0 0 0 
0 345941 249950 231088 217768 229258 59852 3786 290 3 0 0 0 0 0 0 0 0 0 0 
0 370898 267196 253914 242752 255713 74042 3770 612 109 0 0 0 0 0 0 0 0 0 0 
0 371802 270613 255270 242997 257334 68913 2026 50 0 0 0 0 0 0 0 0 0 0 0 
0 379066 272775 255269 238178 247561 71060 4297 748 51 0 0 0 0 0 0 0 0 0 0 
0 379665 269633 251558 238663 253931 71826 3512 211 5 0 0 0 0 0 0 0 0 0 0 
0 280356 205949 198320 188017 198326 64066 7896 2502 775 113 1 0 0 0 0 0 0 0 0 
0 290375 212891 207955 194144 189904 46944 3851 255 1 0 0 0 0 0 0 0 0 0 0 
0 299461 224382 210603 189406 182981 37988 1498 1 0 0 0 0 0 0 0 0 0 0 0 
0 297437 220139 201732 186518 194115 44212 2065 101 0 0 0 0 0 0 0 0 0 0 0 
0 291536 212385 203846 191578 200403 62192 7034 1614 404 12 0 0 0 0 0 0 0 0 0 
0 300331 222400 211797 196144 191028 45254 3626 402 21 0 0 0 0 0 0 0 0 0 0 
0 306803 227860 215407 193959 183654 41283 1990 47 0 0 0 0 0 0 0 0 0 0 0 
0 302887 222605 204480 191196 198786 48283 2377 360 28 0 0 0 0 0 0 0 0 0 0 
0 328392 244796 235662 212190 191554 53247 10394 2701 881 280 65 0 0 0 0 0 0 0 0 
0 321301 232431 224146 213420 220651 61448 5413 1134 204 13 0 0 0 0 0 0 0 0 0 
0 315774 236547 225855 211000 213940 60021 12284 3597 1017 122 4 0 0 0 0 0 0 0 0 
0 322032 235603 223301 210763 219094 61303 6419 1433 212 1 0 0 0 0 0 0 0 0 0 
0 320748 239762 233044 210675 192096 51914 10935 3235 1020 177 6 0 0 0 0 0 0 0 0 
0 318374 229205 218815 209103 220383 62640 4539 461 88 3 0 0 0 0 0 0 0 0 0 
0 307639 228112 218352 207355 217135 69164 11732 3319 711 90 2 0 0 0 0 0 0 0 0 
0 311481 228308 221199 211797 222323 61118 6587 789 9 0 0 0 0 0 0 0 0 0 0 
0 496779 356940 345560 327061 342137 111799 8475 950 88 1 0 0 0 0 0 0 0 0 0 
0 510424 378723 347797 312373 323464 99573 13222 3272 832 96 14 0 0 0 0 0 0 0 0 
0 527101 384292 351619 310104 311511 89012 11634 2968 1191 314 43 1 0 0 0 0 0 0 0 
0 535373 380987 345200 311319 317383 89778 8236 1244 261 8 0 0 0 0 0 0 0 0 0 
0 506761 362117 351788 333330 346039 117037 9400 1867 354 10 0 0 0 0 0 0 0 0 0 
0 518907 381381 352631 319932 333361 103836 14040 3667 856 91 1 0 0 0 0 0 0 0 0 
0 514280 385367 346668 311747 325081 107135 25565 9537 2929 350 43 0 0 0 0 0 0 0 0 
0 543065 387128 346670 317295 326783 95284 9950 1853 557 114 3 0 0 0 0 0 0 0 0 
0 368178 271475 263290 255410 274718 83146 11060 3261 585 9 0 0 0 0 0 0 0 0 0 
0 374249 271662 260266 251944 272740 89548 8726 1763 233 0 0 0 0 0 0 0 0 0 0 
0 377038 276389 263676 249212 265054 86824 9910 2304 579 143 2 0 0 0 0 0 0 0 0 
0 370444 274019 259055 250119 271884 90891 8028 3900 2182 560 48 0 0 0 0 0 0 0 0 
0 590035 431504 410930 380588 400853 142512 20984 4695 1077 203 48 0 0 0 0 0 0 0 0 
0 586564 429905 409404 385455 405555 143628 17942 4145 808 22 0 0 0 0 0 0 0 0 0 
0 596263 446230 416304 382062 397934 134031 9557 1000 47 0 0 0 0 0 0 0 0 0 0 
0 598555 442295 409054 380251 400680 135373 12823 3383 903 108 2 0 0 0 0 0 0 0 0 
0 412143 301346 291075 276671 284635 79621 5860 1193 355 18 0 0 0 0 0 0 0 0 0 
0 411872 308090 293184 269240 277212 81589 9237 1984 482 26 0 0 0 0 0 0 0 0 0 
0 418738 314717 292289 262437 270520 83590 9698 897 30 0 0 0 0 0 0 0 0 0 0 
0 423075 313855 288523 262115 272610 82815 7828 1359 511 185 40 0 0 0 0 0 0 0 0 
0 422647 307302 298766 277392 282767 82421 9123 2569 384 2 0 0 0 0 0 0 0 0 0 
0 429911 317300 301991 274171 276471 76590 6356 537 45 0 0 0 0 0 0 0 0 0 0 
0 425725 321623 301464 271677 274626 77578 9771 822 86 0 0 0 0 0 0 0 0 0 0 
0 420172 311991 294904 273856 286819 82884 10204 2037 471 33 0 0 0 0 0 0 0 0 0 
0 389636 280114 265879 249217 264513 82813 6922 964 46 0 0 0 0 0 0 0 0 0 0 
0 384811 282701 268084 252015 267360 79744 4878 489 21 0 0 0 0 0 0 0 0 0 0 
0 385651 286823 265889 247611 264751 79498 7702 1863 299 16 0 0 0 0 0 0 0 0 0 
0 388491 285413 264967 247730 264465 78919 8133 1760 220 4 0 0 0 0 0 0 0 0 0 
0 390355 280781 268201 252405 263889 80043 5568 1032 147 0 0 0 0 0 0 0 0 0 0 
0 383540 278761 266773 251478 265083 83454 10814 2059 445 14 0 0 0 0 0 0 0 0 0 
0 390257 289048 266636 248807 263383 76517 6532 1148 93 0 0 0 0 0 0 0 0 0 0 
0 389721 286806 264394 249545 268351 76257 4644 1754 853 95 0 0 0 0 0 0 0 0 0 
0 312325 226111 217424 208266 215795 59041 1298 2 0 0 0 0 0 0 0 0 0 0 0 
0 318557 236621 222600 205127 205341 48340 3528 140 7 0 0 0 0 0 0 0 0 0 0 
0 326463 241221 228073 209514 193368 38699 2761 157 5 0 0 0 0 0 0 0 0 0 0 
0 327685 237152 222617 207099 201262 42796 1642 7 0 0 0 0 0 0 0 0 0 0 0 
0 392389 289557 280912 269938 278876 75754 7700 1027 71 0 0 0 0 0 0 0 0 0 0 
0 400990 300946 284825 261948 265430 69015 10331 2205 527 6 0 0 0 0 0 0 0 0 0 
0 416876 303349 282811 261571 260007 62635 7251 1338 341 44 0 0 0 0 0 0 0 0 0 
0 422036 302301 281886 263782 266151 57863 2118 85 0 0 0 0 0 0 0 0 0 0 0 
0 449365 323619 320967 305803 318937 110079 13365 4192 1878 932 35 0 0 0 0 0 0 0 0 
0 459323 334735 321772 302871 316305 101596 9628 2169 611 158 3 0 0 0 0 0 0 0 0 
0 459563 337949 321868 296958 308870 105514 13762 3609 938 138 2 0 0 0 0 0 0 0 0 
0 458493 334662 318430 301255 320607 101981 8533 3397 1650 162 0 0 0 0 0 0 0 0 0 
0 449487 326994 315057 299827 315554 96773 8726 1008 40 0 0 0 0 0 0 0 0 0 0 
0 452691 333318 316114 294422 308593 96421 10204 1627 73 2 0 0 0 0 0 0 0 0 0 
0 452076 334840 317063 292702 303235 101005 10009 1958 453 105 19 0 0 0 0 0 0 0 0 
0 451818 331335 313826 292942 309451 100909 9463 2851 799 71 0 0 0 0 0 0 0 0 0 
0 308148 223077 207737 193315 205091 62764 3896 605 145 4 0 0 0 0 0 0 0 0 0 
0 294632 214834 208319 201089 211712 63467 6627 2562 1308 207 24 0 0 0 0 0 0 0 0 
0 302684 226263 216484 202883 204844 47006 4229 384 4 0 0 0 0 0 0 0 0 0 0 
0 308895 226959 217811 205450 200298 41529 3043 670 125 1 0 0 0 0 0 0 0 0 0 
0 316176 227076 220120 205582 212786 63472 4615 515 36 0 0 0 0 0 0 0 0 0 0 
0 312768 228551 218306 209182 218012 59436 3049 885 188 0 0 0 0 0 0 0 0 0 0 
0 310859 236542 222453 205883 213094 50623 7646 2453 769 55 0 0 0 0 0 0 0 0 0 
0 315513 233124 221084 208110 216243 50002 4399 1414 463 24 0 0 0 0 0 0 0 0 0 
0 386539 284138 281187 264832 262201 81558 13341 3652 631 70 1 0 0 0 0 0 0 0 0 
0 401524 292892 282506 266353 267574 62771 4268 259 3 0 0 0 0 0 0 0 0 0 0 
0 400937 295186 277350 261235 270185 71033 2204 20 0 0 0 0 0 0 0 0 0 0 0 
0 403226 294959 277391 260264 268551 67075 5132 1139 358 54 0 0 0 0 0 0 0 0 0 
0 389515 284606 280971 265808 266097 82082 11865 2311 251 0 0 0 0 0 0 0 0 0 0 
0 393417 291545 279688 263460 274449 72129 6947 1381 462 27 0 0 0 0 0 0 0 0 0 
0 395885 289115 275784 259651 272453 79422 7434 2423 1241 97 0 0 0 0 0 0 0 0 0 
0 400027 294362 275730 259937 271979 75011 5262 1041 152 3 0 0 0 0 0 0 0 0 0 
0 408651 297761 287063 269355 277516 96006 15609 5928 2441 531 69 0 0 0 0 0 0 0 0 
0 408111 295919 282624 268451 284979 92786 19432 6872 1667 89 0 0 0 0 0 0 0 0 0 
0 422046 314491 291325 268873 280181 73220 9226 1432 135 0 0 0 0 0 0 0 0 0 0 
0 424590 314733 295074 275217 279106 64867 6146 1095 101 0 0 0 0 0 0 0 0 0 0 
0 449218 327382 315869 298838 315221 106025 14165 3462 1027 26 0 0 0 0 0 0 0 0 0 
0 443962 328456 311817 292222 307706 109059 26703 8812 2385 111 0 0 0 0 0 0 0 0 0 
0 460384 339992 318183 298375 307502 89080 15034 2463 209 10 0 0 0 0 0 0 0 0 0 
0 465454 346560 324141 302745 305208 77285 7667 1737 423 12 0 0 0 0 0 0 0 0 0 
