0 66232 51238 53066 50745 50252 20153 7577 2825 362 0 0 0 0 0 0 0 0 0 0 
0 89468 58259 46198 41114 39844 9409 119 0 0 0 0 0 0 0 0 0 0 0 0 
0 916 378 163 65 35 2 0 0 0 0 0 0 0 0 0 0 0 0 0 
0 33872 23113 18508 15318 13595 2350 75 0 0 0 0 0 0 0 0 0 0 0 0 
0 13939 10392 8764 8117 9196 1758 0 0 0 0 0 0 0 0 0 0 0 0 0 
0 61897 41965 36160 30295 29692 9116 158 0 0 0 0 0 0 0 0 0 0 0 0 
0 44818 33722 33238 25789 19789 5185 277 1 0 0 0 0 0 0 0 0 0 0 0 
0 2809 1558 1411 1282 980 120 0 0 0 0 0 0 0 0 0 0 0 0 0 
0 118907 93960 95246 95281 100687 29924 1119 37 1 0 0 0 0 0 0 0 0 0 0 
0 181042 134206 119285 107616 113945 30425 2133 0 0 0 0 0 0 0 0 0 0 0 0 
0 37910 29282 25407 23151 25896 9058 795 0 0 0 0 0 0 0 0 0 0 0 0 
0 0 0 0 0 0 0 0 0 0 0 0 0 0 0 0 0 0 0 0 
0 390636 294169 260336 229583 244924 83914 12862 4499 2033 413 4 0 0 0 0 0 0 0 0 
0 251405 184042 177197 157203 148832 42588 6846 1503 39 0 0 0 0 0 0 0 0 0 0 
0 1 0 0 0 0 0 0 0 0 0 0 0 0 0 0 0 0 0 0 
0 0 0 0 0 0 0 0 0 0 0 0 0 0 0 0 0 0 0 0 
0 83635 61790 55159 51974 54315 10975 2343 318 0 0 0 0 0 0 0 0 0 0 0 
0 254002 190890 166724 148853 145726 32516 1120 114 6 0 0 0 0 0 0 0 0 0 0 
0 26630 17452 15047 14481 16076 3089 52 0 0 0 0 0 0 0 0 0 0 0 0 
0 140124 102403 92726 89136 94823 13109 144 0 0 0 0 0 0 0 0 0 0 0 0 
0 0 0 0 0 0 0 0 0 0 0 0 0 0 0 0 0 0 0 0 
0 0 0 0 0 0 0 0 0 0 0 0 0 0 0 0 0 0 0 0 
0 0 0 0 0 0 0 0 0 0 0 0 0 0 0 0 0 0 0 0 
0 693 401 236 170 174 28 0 0 0 0 0 0 0 0 0 0 0 0 0 
0 114687 82315 85752 83911 90443 39905 1986 400 32 0 0 0 0 0 0 0 0 0 0 
0 198322 149793 150211 140319 143659 58234 19719 9110 3602 520 31 0 0 0 0 0 0 0 0 
0 36489 25905 26526 26381 27960 8402 0 0 0 0 0 0 0 0 0 0 0 0 0 
0 157572 108723 94541 79590 78550 26166 685 0 0 0 0 0 0 0 0 0 0 0 0 
0 20345 10564 4332 2893 2694 867 64 0 0 0 0 0 0 0 0 0 0 0 0 
0 43870 31933 30425 28914 30071 7580 43 0 0 0 0 0 0 0 0 0 0 0 0 
0 102027 73396 66770 62048 66720 18354 3917 538 0 0 0 0 0 0 0 0 0 0 0 
0 108016 75224 62575 55122 58115 13236 156 0 0 0 0 0 0 0 0 0 0 0 0 
0 16287 11529 10760 10514 11555 2101 131 0 0 0 0 0 0 0 0 0 0 0 0 
0 10 0 0 0 0 0 0 0 0 0 0 0 0 0 0 0 0 0 0 
0 405 367 247 85 16 0 0 0 0 0 0 0 0 0 0 0 0 0 0 
0 41180 32198 28177 27956 31849 9430 121 0 0 0 0 0 0 0 0 0 0 0 0 
0 947377 731208 761039 759360 808838 275804 8031 636 16 0 0 0 0 0 0 0 0 0 0 
0 844104 642749 640562 616823 631100 200200 5501 22 0 0 0 0 0 0 0 0 0 0 0 
0 285714 221167 210907 185217 175653 65757 20252 5638 2276 539 37 0 0 0 0 0 0 0 0 
0 65893 43134 39130 34422 30239 4720 43 0 0 0 0 0 0 0 0 0 0 0 0 
0 85718 56263 55645 53364 55159 13211 1344 0 0 0 0 0 0 0 0 0 0 0 0 
0 109747 81344 77775 73332 72646 15335 1528 338 125 24 8 0 0 0 0 0 0 0 0 
0 7302 3290 1969 1078 536 9 0 0 0 0 0 0 0 0 0 0 0 0 0 
0 6196 1318 145 0 0 0 0 0 0 0 0 0 0 0 0 0 0 0 0 
0 133101 92101 81783 69107 66329 17978 2553 142 0 0 0 0 0 0 0 0 0 0 0 
0 230036 168978 164109 152573 151492 39980 9060 1835 219 1 0 0 0 0 0 0 0 0 0 
0 57625 42075 40150 38417 35036 6003 158 40 0 0 0 0 0 0 0 0 0 0 0 
0 0 0 0 0 0 0 0 0 0 0 0 0 0 0 0 0 0 0 0 
0 150119 113059 112655 107352 110983 42753 11356 3060 837 30 0 0 0 0 0 0 0 0 0 
0 170282 116874 80641 66372 67354 23073 4035 637 113 0 0 0 0 0 0 0 0 0 0 
0 73525 61008 62020 61371 62622 17635 1957 574 53 0 0 0 0 0 0 0 0 0 0 
0 165 5 0 0 0 0 0 0 0 0 0 0 0 0 0 0 0 0 0 
0 182222 138656 121955 110214 117228 43170 7770 1037 0 0 0 0 0 0 0 0 0 0 0 
0 202058 154973 153114 145207 150602 50115 3592 78 0 0 0 0 0 0 0 0 0 0 0 
0 13081 7665 8202 7751 7371 1649 0 0 0 0 0 0 0 0 0 0 0 0 0 
0 2767 1118 572 251 21 0 0 0 0 0 0 0 0 0 0 0 0 0 0 
0 48813 36344 33710 27585 28466 6471 429 3 0 0 0 0 0 0 0 0 0 0 0 
0 23949 19112 17067 16440 18712 5482 139 0 0 0 0 0 0 0 0 0 0 0 0 
0 35238 29346 25493 24185 28087 5041 0 0 0 0 0 0 0 0 0 0 0 0 0 
0 0 0 0 0 0 0 0 0 0 0 0 0 0 0 0 0 0 0 0 
0 920 618 549 528 518 140 1 0 0 0 0 0 0 0 0 0 0 0 0 
0 62327 48028 42308 36996 37960 7884 248 6 0 0 0 0 0 0 0 0 0 0 0 
0 123464 95068 90487 87848 93516 25602 1380 453 3 0 0 0 0 0 0 0 0 0 0 
0 745 475 419 394 388 42 0 0 0 0 0 0 0 0 0 0 0 0 0 
0 52660 38819 34816 34215 37883 6884 56 0 0 0 0 0 0 0 0 0 0 0 0 
0 21038 16434 15959 15798 18169 2805 55 0 0 0 0 0 0 0 0 0 0 0 0 
0 0 0 0 0 0 0 0 0 0 0 0 0 0 0 0 0 0 0 0 
0 0 0 0 0 0 0 0 0 0 0 0 0 0 0 0 0 0 0 0 
0 0 0 0 0 0 0 0 0 0 0 0 0 0 0 0 0 0 0 0 
0 11434 8189 8513 8840 9168 2395 0 0 0 0 0 0 0 0 0 0 0 0 0 
0 81890 58738 56115 53763 57969 18672 1362 96 0 0 0 0 0 0 0 0 0 0 0 
0 2675 1631 1312 1246 1441 223 0 0 0 0 0 0 0 0 0 0 0 0 0 
0 131414 100561 106447 105064 110447 30366 2825 787 96 0 0 0 0 0 0 0 0 0 0 
0 11627 7245 9073 8768 7776 2804 5 0 0 0 0 0 0 0 0 0 0 0 0 
0 0 0 0 0 0 0 0 0 0 0 0 0 0 0 0 0 0 0 0 
0 0 0 0 0 0 0 0 0 0 0 0 0 0 0 0 0 0 0 0 
0 14479 10352 10116 9922 9399 1467 12 0 0 0 0 0 0 0 0 0 0 0 0 
0 52676 39659 37275 36631 35476 4246 22 0 0 0 0 0 0 0 0 0 0 0 0 
0 0 0 0 0 0 0 0 0 0 0 0 0 0 0 0 0 0 0 0 
0 0 0 0 0 0 0 0 0 0 0 0 0 0 0 0 0 0 0 0 
0 8066 6140 5659 5427 5790 1994 0 0 0 0 0 0 0 0 0 0 0 0 0 
0 57065 44649 41465 41141 47215 11730 100 0 0 0 0 0 0 0 0 0 0 0 0 
0 0 0 0 0 0 0 0 0 0 0 0 0 0 0 0 0 0 0 0 
0 0 0 0 0 0 0 0 0 0 0 0 0 0 0 0 0 0 0 0 
0 135671 103565 97160 95928 109424 28399 2142 103 0 0 0 0 0 0 0 0 0 0 0 
0 122084 89688 93882 94404 103289 45385 16099 4998 369 0 0 0 0 0 0 0 0 0 0 
0 147226 105274 96143 85478 90163 29781 2091 441 0 0 0 0 0 0 0 0 0 0 0 
0 8083 6012 6372 6452 6963 1916 21 0 0 0 0 0 0 0 0 0 0 0 0 
0 889153 634579 519285 381531 388963 188748 50800 20091 3946 165 0 0 0 0 0 0 0 0 0 
0 639401 539200 511117 481766 527641 216918 18758 2122 209 0 0 0 0 0 0 0 0 0 0 
0 151324 119963 123377 123606 129196 37108 820 10 0 0 0 0 0 0 0 0 0 0 0 
0 0 0 0 0 0 0 0 0 0 0 0 0 0 0 0 0 0 0 0 
0 399617 315971 294673 255390 255712 129777 73665 25897 8367 1596 25 0 0 0 0 0 0 0 0 
0 429448 327560 296806 273021 297460 99714 18932 5426 2955 759 24 0 0 0 0 0 0 0 0 
0 53315 43175 37684 36364 41963 10580 62 0 0 0 0 0 0 0 0 0 0 0 0 
0 0 0 0 0 0 0 0 0 0 0 0 0 0 0 0 0 0 0 0 
0 116430 88209 82138 78808 88178 30350 2929 141 0 0 0 0 0 0 0 0 0 0 0 
0 15201 9195 10986 10870 9998 4816 16 0 0 0 0 0 0 0 0 0 0 0 0 
0 0 0 0 0 0 0 0 0 0 0 0 0 0 0 0 0 0 0 0 
0 22552 13627 11531 10292 10220 2234 0 0 0 0 0 0 0 0 0 0 0 0 0 
0 36111 26531 26183 25657 27777 5541 0 0 0 0 0 0 0 0 0 0 0 0 0 
0 69904 54486 51510 47756 51769 16348 2097 293 25 0 0 0 0 0 0 0 0 0 0 
0 45291 36735 37125 37497 41960 14156 638 1 0 0 0 0 0 0 0 0 0 0 0 
0 35580 25207 24853 22933 23199 7138 52 0 0 0 0 0 0 0 0 0 0 0 0 
0 446408 360388 352965 358968 422294 137925 23089 7842 3393 150 0 0 0 0 0 0 0 0 0 
0 809945 607189 580899 577518 644168 155097 17875 6681 866 38 2 0 0 0 0 0 0 0 0 
0 182589 135813 129112 124278 134235 47840 6661 2866 785 115 4 0 0 0 0 0 0 0 0 
0 30781 21780 20558 19950 21755 4160 46 0 0 0 0 0 0 0 0 0 0 0 0 
0 159707 115914 100170 85721 82783 30651 4841 652 71 3 0 0 0 0 0 0 0 0 0 
0 74555 52072 45834 42085 45224 14593 4272 1865 693 85 0 0 0 0 0 0 0 0 0 
0 0 0 0 0 0 0 0 0 0 0 0 0 0 0 0 0 0 0 0 
0 39788 23901 20376 18923 19393 5906 47 0 0 0 0 0 0 0 0 0 0 0 0 
0 80746 60256 60319 58798 60105 18852 5339 532 0 0 0 0 0 0 0 0 0 0 0 
0 68948 52360 46501 42563 42571 14257 1043 23 0 0 0 0 0 0 0 0 0 0 0 
0 28423 20658 18717 18035 20571 3174 9 0 0 0 0 0 0 0 0 0 0 0 0 
0 30380 23874 22544 19476 18011 4522 0 0 0 0 0 0 0 0 0 0 0 0 0 
0 65101 46251 44873 44273 47557 13722 2377 239 4 0 0 0 0 0 0 0 0 0 0 
0 59536 47766 48440 46549 48058 13200 1593 178 8 0 0 0 0 0 0 0 0 0 0 
0 8529 7158 7582 7497 7740 2272 0 0 0 0 0 0 0 0 0 0 0 0 0 
0 0 0 0 0 0 0 0 0 0 0 0 0 0 0 0 0 0 0 0 
0 48982 35985 34724 32501 33467 7893 326 23 0 0 0 0 0 0 0 0 0 0 0 
0 88509 59526 51876 46091 48335 11556 233 0 0 0 0 0 0 0 0 0 0 0 0 
0 41499 26723 24171 22698 23813 6222 88 0 0 0 0 0 0 0 0 0 0 0 0 
0 798 406 273 160 115 7 0 0 0 0 0 0 0 0 0 0 0 0 0 
