727 0 0 0 0 0 0 0 0 0 0 0 0 0 0 0 0 0 0 0 
726 0 0 0 0 0 0 0 0 0 0 0 0 0 0 0 0 0 0 0 
726 0 0 0 0 0 0 0 0 0 0 0 0 0 0 0 0 0 0 0 
724 0 0 0 0 0 0 0 0 0 0 0 0 0 0 0 0 0 0 0 
821 0 0 0 0 0 0 0 0 0 0 0 0 0 0 0 0 0 0 0 
821 0 0 0 0 0 0 0 0 0 0 0 0 0 0 0 0 0 0 0 
820 0 0 0 0 0 0 0 0 0 0 0 0 0 0 0 0 0 0 0 
819 0 0 0 0 0 0 0 0 0 0 0 0 0 0 0 0 0 0 0 
1033 0 0 0 0 0 0 0 0 0 0 0 0 0 0 0 0 0 0 0 
1032 0 0 0 0 0 0 0 0 0 0 0 0 0 0 0 0 0 0 0 
1032 0 0 0 0 0 0 0 0 0 0 0 0 0 0 0 0 0 0 0 
1031 0 0 0 0 0 0 0 0 0 0 0 0 0 0 0 0 0 0 0 
1218 0 0 0 0 0 0 0 0 0 0 0 0 0 0 0 0 0 0 0 
1217 0 0 0 0 0 0 0 0 0 0 0 0 0 0 0 0 0 0 0 
1217 0 0 0 0 0 0 0 0 0 0 0 0 0 0 0 0 0 0 0 
1216 0 0 0 0 0 0 0 0 0 0 0 0 0 0 0 0 0 0 0 
825 0 0 0 0 0 0 0 0 0 0 0 0 0 0 0 0 0 0 0 
824 0 0 0 0 0 0 0 0 0 0 0 0 0 0 0 0 0 0 0 
824 0 0 0 0 0 0 0 0 0 0 0 0 0 0 0 0 0 0 0 
822 0 0 0 0 0 0 0 0 0 0 0 0 0 0 0 0 0 0 0 
825 0 0 0 0 0 0 0 0 0 0 0 0 0 0 0 0 0 0 0 
824 0 0 0 0 0 0 0 0 0 0 0 0 0 0 0 0 0 0 0 
824 0 0 0 0 0 0 0 0 0 0 0 0 0 0 0 0 0 0 0 
822 0 0 0 0 0 0 0 0 0 0 0 0 0 0 0 0 0 0 0 
825 0 0 0 0 0 0 0 0 0 0 0 0 0 0 0 0 0 0 0 
824 0 0 0 0 0 0 0 0 0 0 0 0 0 0 0 0 0 0 0 
824 0 0 0 0 0 0 0 0 0 0 0 0 0 0 0 0 0 0 0 
822 0 0 0 0 0 0 0 0 0 0 0 0 0 0 0 0 0 0 0 
1103 0 0 0 0 0 0 0 0 0 0 0 0 0 0 0 0 0 0 0 
1103 0 0 0 0 0 0 0 0 0 0 0 0 0 0 0 0 0 0 0 
1102 0 0 0 0 0 0 0 0 0 0 0 0 0 0 0 0 0 0 0 
1101 0 0 0 0 0 0 0 0 0 0 0 0 0 0 0 0 0 0 0 
1103 0 0 0 0 0 0 0 0 0 0 0 0 0 0 0 0 0 0 0 
1103 0 0 0 0 0 0 0 0 0 0 0 0 0 0 0 0 0 0 0 
1102 0 0 0 0 0 0 0 0 0 0 0 0 0 0 0 0 0 0 0 
1101 0 0 0 0 0 0 0 0 0 0 0 0 0 0 0 0 0 0 0 
1103 0 0 0 0 0 0 0 0 0 0 0 0 0 0 0 0 0 0 0 
1103 0 0 0 0 0 0 0 0 0 0 0 0 0 0 0 0 0 0 0 
1102 0 0 0 0 0 0 0 0 0 0 0 0 0 0 0 0 0 0 0 
1101 0 0 0 0 0 0 0 0 0 0 0 0 0 0 0 0 0 0 0 
775 0 0 0 0 0 0 0 0 0 0 0 0 0 0 0 0 0 0 0 
775 0 0 0 0 0 0 0 0 0 0 0 0 0 0 0 0 0 0 0 
775 0 0 0 0 0 0 0 0 0 0 0 0 0 0 0 0 0 0 0 
773 0 0 0 0 0 0 0 0 0 0 0 0 0 0 0 0 0 0 0 
899 0 0 0 0 0 0 0 0 0 0 0 0 0 0 0 0 0 0 0 
898 0 0 0 0 0 0 0 0 0 0 0 0 0 0 0 0 0 0 0 
898 0 0 0 0 0 0 0 0 0 0 0 0 0 0 0 0 0 0 0 
896 0 0 0 0 0 0 0 0 0 0 0 0 0 0 0 0 0 0 0 
808 0 0 0 0 0 0 0 0 0 0 0 0 0 0 0 0 0 0 0 
807 0 0 0 0 0 0 0 0 0 0 0 0 0 0 0 0 0 0 0 
807 0 0 0 0 0 0 0 0 0 0 0 0 0 0 0 0 0 0 0 
806 0 0 0 0 0 0 0 0 0 0 0 0 0 0 0 0 0 0 0 
733 0 0 0 0 0 0 0 0 0 0 0 0 0 0 0 0 0 0 0 
732 0 0 0 0 0 0 0 0 0 0 0 0 0 0 0 0 0 0 0 
732 0 0 0 0 0 0 0 0 0 0 0 0 0 0 0 0 0 0 0 
731 0 0 0 0 0 0 0 0 0 0 0 0 0 0 0 0 0 0 0 
647 0 0 0 0 0 0 0 0 0 0 0 0 0 0 0 0 0 0 0 
647 0 0 0 0 0 0 0 0 0 0 0 0 0 0 0 0 0 0 0 
647 0 0 0 0 0 0 0 0 0 0 0 0 0 0 0 0 0 0 0 
645 0 0 0 0 0 0 0 0 0 0 0 0 0 0 0 0 0 0 0 
976 0 0 0 0 0 0 0 0 0 0 0 0 0 0 0 0 0 0 0 
975 0 0 0 0 0 0 0 0 0 0 0 0 0 0 0 0 0 0 0 
975 0 0 0 0 0 0 0 0 0 0 0 0 0 0 0 0 0 0 0 
973 0 0 0 0 0 0 0 0 0 0 0 0 0 0 0 0 0 0 0 
713 0 0 0 0 0 0 0 0 0 0 0 0 0 0 0 0 0 0 0 
712 0 0 0 0 0 0 0 0 0 0 0 0 0 0 0 0 0 0 0 
712 0 0 0 0 0 0 0 0 0 0 0 0 0 0 0 0 0 0 0 
711 0 0 0 0 0 0 0 0 0 0 0 0 0 0 0 0 0 0 0 
795 0 0 0 0 0 0 0 0 0 0 0 0 0 0 0 0 0 0 0 
795 0 0 0 0 0 0 0 0 0 0 0 0 0 0 0 0 0 0 0 
794 0 0 0 0 0 0 0 0 0 0 0 0 0 0 0 0 0 0 0 
793 0 0 0 0 0 0 0 0 0 0 0 0 0 0 0 0 0 0 0 
550 0 0 0 0 0 0 0 0 0 0 0 0 0 0 0 0 0 0 0 
550 0 0 0 0 0 0 0 0 0 0 0 0 0 0 0 0 0 0 0 
550 0 0 0 0 0 0 0 0 0 0 0 0 0 0 0 0 0 0 0 
548 0 0 0 0 0 0 0 0 0 0 0 0 0 0 0 0 0 0 0 
374 0 0 0 0 0 0 0 0 0 0 0 0 0 0 0 0 0 0 0 
374 0 0 0 0 0 0 0 0 0 0 0 0 0 0 0 0 0 0 0 
374 0 0 0 0 0 0 0 0 0 0 0 0 0 0 0 0 0 0 0 
372 0 0 0 0 0 0 0 0 0 0 0 0 0 0 0 0 0 0 0 
772 0 0 0 0 0 0 0 0 0 0 0 0 0 0 0 0 0 0 0 
772 0 0 0 0 0 0 0 0 0 0 0 0 0 0 0 0 0 0 0 
771 0 0 0 0 0 0 0 0 0 0 0 0 0 0 0 0 0 0 0 
770 0 0 0 0 0 0 0 0 0 0 0 0 0 0 0 0 0 0 0 
772 0 0 0 0 0 0 0 0 0 0 0 0 0 0 0 0 0 0 0 
772 0 0 0 0 0 0 0 0 0 0 0 0 0 0 0 0 0 0 0 
771 0 0 0 0 0 0 0 0 0 0 0 0 0 0 0 0 0 0 0 
770 0 0 0 0 0 0 0 0 0 0 0 0 0 0 0 0 0 0 0 
1555 0 0 0 0 0 0 0 0 0 0 0 0 0 0 0 0 0 0 0 
1554 0 0 0 0 0 0 0 0 0 0 0 0 0 0 0 0 0 0 0 
1554 0 0 0 0 0 0 0 0 0 0 0 0 0 0 0 0 0 0 0 
1553 0 0 0 0 0 0 0 0 0 0 0 0 0 0 0 0 0 0 0 
1439 0 0 0 0 0 0 0 0 0 0 0 0 0 0 0 0 0 0 0 
1439 0 0 0 0 0 0 0 0 0 0 0 0 0 0 0 0 0 0 0 
1438 0 0 0 0 0 0 0 0 0 0 0 0 0 0 0 0 0 0 0 
1437 0 0 0 0 0 0 0 0 0 0 0 0 0 0 0 0 0 0 0 
522 0 0 0 0 0 0 0 0 0 0 0 0 0 0 0 0 0 0 0 
522 0 0 0 0 0 0 0 0 0 0 0 0 0 0 0 0 0 0 0 
521 0 0 0 0 0 0 0 0 0 0 0 0 0 0 0 0 0 0 0 
520 0 0 0 0 0 0 0 0 0 0 0 0 0 0 0 0 0 0 0 
593 0 0 0 0 0 0 0 0 0 0 0 0 0 0 0 0 0 0 0 
593 0 0 0 0 0 0 0 0 0 0 0 0 0 0 0 0 0 0 0 
592 0 0 0 0 0 0 0 0 0 0 0 0 0 0 0 0 0 0 0 
591 0 0 0 0 0 0 0 0 0 0 0 0 0 0 0 0 0 0 0 
1112 0 0 0 0 0 0 0 0 0 0 0 0 0 0 0 0 0 0 0 
1112 0 0 0 0 0 0 0 0 0 0 0 0 0 0 0 0 0 0 0 
1112 0 0 0 0 0 0 0 0 0 0 0 0 0 0 0 0 0 0 0 
1110 0 0 0 0 0 0 0 0 0 0 0 0 0 0 0 0 0 0 0 
1019 0 0 0 0 0 0 0 0 0 0 0 0 0 0 0 0 0 0 0 
1019 0 0 0 0 0 0 0 0 0 0 0 0 0 0 0 0 0 0 0 
1018 0 0 0 0 0 0 0 0 0 0 0 0 0 0 0 0 0 0 0 
1017 0 0 0 0 0 0 0 0 0 0 0 0 0 0 0 0 0 0 0 
637 0 0 0 0 0 0 0 0 0 0 0 0 0 0 0 0 0 0 0 
637 0 0 0 0 0 0 0 0 0 0 0 0 0 0 0 0 0 0 0 
637 0 0 0 0 0 0 0 0 0 0 0 0 0 0 0 0 0 0 0 
635 0 0 0 0 0 0 0 0 0 0 0 0 0 0 0 0 0 0 0 
530 0 0 0 0 0 0 0 0 0 0 0 0 0 0 0 0 0 0 0 
529 0 0 0 0 0 0 0 0 0 0 0 0 0 0 0 0 0 0 0 
529 0 0 0 0 0 0 0 0 0 0 0 0 0 0 0 0 0 0 0 
528 0 0 0 0 0 0 0 0 0 0 0 0 0 0 0 0 0 0 0 
762 0 0 0 0 0 0 0 0 0 0 0 0 0 0 0 0 0 0 0 
762 0 0 0 0 0 0 0 0 0 0 0 0 0 0 0 0 0 0 0 
762 0 0 0 0 0 0 0 0 0 0 0 0 0 0 0 0 0 0 0 
760 0 0 0 0 0 0 0 0 0 0 0 0 0 0 0 0 0 0 0 
763 0 0 0 0 0 0 0 0 0 0 0 0 0 0 0 0 0 0 0 
762 0 0 0 0 0 0 0 0 0 0 0 0 0 0 0 0 0 0 0 
762 0 0 0 0 0 0 0 0 0 0 0 0 0 0 0 0 0 0 0 
760 0 0 0 0 0 0 0 0 0 0 0 0 0 0 0 0 0 0 0 
818 0 0 0 0 0 0 0 0 0 0 0 0 0 0 0 0 0 0 0 
818 0 0 0 0 0 0 0 0 0 0 0 0 0 0 0 0 0 0 0 
817 0 0 0 0 0 0 0 0 0 0 0 0 0 0 0 0 0 0 0 
816 0 0 0 0 0 0 0 0 0 0 0 0 0 0 0 0 0 0 0 
871 0 0 0 0 0 0 0 0 0 0 0 0 0 0 0 0 0 0 0 
870 0 0 0 0 0 0 0 0 0 0 0 0 0 0 0 0 0 0 0 
870 0 0 0 0 0 0 0 0 0 0 0 0 0 0 0 0 0 0 0 
869 0 0 0 0 0 0 0 0 0 0 0 0 0 0 0 0 0 0 0 
1358 0 0 0 0 0 0 0 0 0 0 0 0 0 0 0 0 0 0 0 
1357 0 0 0 0 0 0 0 0 0 0 0 0 0 0 0 0 0 0 0 
1357 0 0 0 0 0 0 0 0 0 0 0 0 0 0 0 0 0 0 0 
1355 0 0 0 0 0 0 0 0 0 0 0 0 0 0 0 0 0 0 0 
1342 0 0 0 0 0 0 0 0 0 0 0 0 0 0 0 0 0 0 0 
1341 0 0 0 0 0 0 0 0 0 0 0 0 0 0 0 0 0 0 0 
1341 0 0 0 0 0 0 0 0 0 0 0 0 0 0 0 0 0 0 0 
1340 0 0 0 0 0 0 0 0 0 0 0 0 0 0 0 0 0 0 0 
1512 0 0 0 0 0 0 0 0 0 0 0 0 0 0 0 0 0 0 0 
1511 0 0 0 0 0 0 0 0 0 0 0 0 0 0 0 0 0 0 0 
1511 0 0 0 0 0 0 0 0 0 0 0 0 0 0 0 0 0 0 0 
1509 0 0 0 0 0 0 0 0 0 0 0 0 0 0 0 0 0 0 0 
1512 0 0 0 0 0 0 0 0 0 0 0 0 0 0 0 0 0 0 0 
1511 0 0 0 0 0 0 0 0 0 0 0 0 0 0 0 0 0 0 0 
1511 0 0 0 0 0 0 0 0 0 0 0 0 0 0 0 0 0 0 0 
1509 0 0 0 0 0 0 0 0 0 0 0 0 0 0 0 0 0 0 0 
852 0 0 0 0 0 0 0 0 0 0 0 0 0 0 0 0 0 0 0 
852 0 0 0 0 0 0 0 0 0 0 0 0 0 0 0 0 0 0 0 
851 0 0 0 0 0 0 0 0 0 0 0 0 0 0 0 0 0 0 0 
850 0 0 0 0 0 0 0 0 0 0 0 0 0 0 0 0 0 0 0 
852 0 0 0 0 0 0 0 0 0 0 0 0 0 0 0 0 0 0 0 
852 0 0 0 0 0 0 0 0 0 0 0 0 0 0 0 0 0 0 0 
851 0 0 0 0 0 0 0 0 0 0 0 0 0 0 0 0 0 0 0 
850 0 0 0 0 0 0 0 0 0 0 0 0 0 0 0 0 0 0 0 
883 0 0 0 0 0 0 0 0 0 0 0 0 0 0 0 0 0 0 0 
882 0 0 0 0 0 0 0 0 0 0 0 0 0 0 0 0 0 0 0 
882 0 0 0 0 0 0 0 0 0 0 0 0 0 0 0 0 0 0 0 
881 0 0 0 0 0 0 0 0 0 0 0 0 0 0 0 0 0 0 0 
1252 0 0 0 0 0 0 0 0 0 0 0 0 0 0 0 0 0 0 0 
1252 0 0 0 0 0 0 0 0 0 0 0 0 0 0 0 0 0 0 0 
1252 0 0 0 0 0 0 0 0 0 0 0 0 0 0 0 0 0 0 0 
1250 0 0 0 0 0 0 0 0 0 0 0 0 0 0 0 0 0 0 0 
1812 0 0 0 0 0 0 0 0 0 0 0 0 0 0 0 0 0 0 0 
1812 0 0 0 0 0 0 0 0 0 0 0 0 0 0 0 0 0 0 0 
1812 0 0 0 0 0 0 0 0 0 0 0 0 0 0 0 0 0 0 0 
1810 0 0 0 0 0 0 0 0 0 0 0 0 0 0 0 0 0 0 0 
2275 0 0 0 0 0 0 0 0 0 0 0 0 0 0 0 0 0 0 0 
2275 0 0 0 0 0 0 0 0 0 0 0 0 0 0 0 0 0 0 0 
2274 0 0 0 0 0 0 0 0 0 0 0 0 0 0 0 0 0 0 0 
2273 0 0 0 0 0 0 0 0 0 0 0 0 0 0 0 0 0 0 0 
939 0 0 0 0 0 0 0 0 0 0 0 0 0 0 0 0 0 0 0 
938 0 0 0 0 0 0 0 0 0 0 0 0 0 0 0 0 0 0 0 
938 0 0 0 0 0 0 0 0 0 0 0 0 0 0 0 0 0 0 0 
936 0 0 0 0 0 0 0 0 0 0 0 0 0 0 0 0 0 0 0 
994 0 0 0 0 0 0 0 0 0 0 0 0 0 0 0 0 0 0 0 
993 0 0 0 0 0 0 0 0 0 0 0 0 0 0 0 0 0 0 0 
993 0 0 0 0 0 0 0 0 0 0 0 0 0 0 0 0 0 0 0 
991 0 0 0 0 0 0 0 0 0 0 0 0 0 0 0 0 0 0 0 
513 0 0 0 0 0 0 0 0 0 0 0 0 0 0 0 0 0 0 0 
512 0 0 0 0 0 0 0 0 0 0 0 0 0 0 0 0 0 0 0 
512 0 0 0 0 0 0 0 0 0 0 0 0 0 0 0 0 0 0 0 
511 0 0 0 0 0 0 0 0 0 0 0 0 0 0 0 0 0 0 0 
1191 0 0 0 0 0 0 0 0 0 0 0 0 0 0 0 0 0 0 0 
1191 0 0 0 0 0 0 0 0 0 0 0 0 0 0 0 0 0 0 0 
1191 0 0 0 0 0 0 0 0 0 0 0 0 0 0 0 0 0 0 0 
1189 0 0 0 0 0 0 0 0 0 0 0 0 0 0 0 0 0 0 0 
1562 0 0 0 0 0 0 0 0 0 0 0 0 0 0 0 0 0 0 0 
1561 0 0 0 0 0 0 0 0 0 0 0 0 0 0 0 0 0 0 0 
1561 0 0 0 0 0 0 0 0 0 0 0 0 0 0 0 0 0 0 0 
1560 0 0 0 0 0 0 0 0 0 0 0 0 0 0 0 0 0 0 0 
1630 0 0 0 0 0 0 0 0 0 0 0 0 0 0 0 0 0 0 0 
1629 0 0 0 0 0 0 0 0 0 0 0 0 0 0 0 0 0 0 0 
1629 0 0 0 0 0 0 0 0 0 0 0 0 0 0 0 0 0 0 0 
1628 0 0 0 0 0 0 0 0 0 0 0 0 0 0 0 0 0 0 0 
658 0 0 0 0 0 0 0 0 0 0 0 0 0 0 0 0 0 0 0 
658 0 0 0 0 0 0 0 0 0 0 0 0 0 0 0 0 0 0 0 
658 0 0 0 0 0 0 0 0 0 0 0 0 0 0 0 0 0 0 0 
656 0 0 0 0 0 0 0 0 0 0 0 0 0 0 0 0 0 0 0 
928 0 0 0 0 0 0 0 0 0 0 0 0 0 0 0 0 0 0 0 
928 0 0 0 0 0 0 0 0 0 0 0 0 0 0 0 0 0 0 0 
927 0 0 0 0 0 0 0 0 0 0 0 0 0 0 0 0 0 0 0 
926 0 0 0 0 0 0 0 0 0 0 0 0 0 0 0 0 0 0 0 
681 0 0 0 0 0 0 0 0 0 0 0 0 0 0 0 0 0 0 0 
680 0 0 0 0 0 0 0 0 0 0 0 0 0 0 0 0 0 0 0 
680 0 0 0 0 0 0 0 0 0 0 0 0 0 0 0 0 0 0 0 
678 0 0 0 0 0 0 0 0 0 0 0 0 0 0 0 0 0 0 0 
683 0 0 0 0 0 0 0 0 0 0 0 0 0 0 0 0 0 0 0 
682 0 0 0 0 0 0 0 0 0 0 0 0 0 0 0 0 0 0 0 
682 0 0 0 0 0 0 0 0 0 0 0 0 0 0 0 0 0 0 0 
680 0 0 0 0 0 0 0 0 0 0 0 0 0 0 0 0 0 0 0 
459 0 0 0 0 0 0 0 0 0 0 0 0 0 0 0 0 0 0 0 
459 0 0 0 0 0 0 0 0 0 0 0 0 0 0 0 0 0 0 0 
459 0 0 0 0 0 0 0 0 0 0 0 0 0 0 0 0 0 0 0 
457 0 0 0 0 0 0 0 0 0 0 0 0 0 0 0 0 0 0 0 
564 0 0 0 0 0 0 0 0 0 0 0 0 0 0 0 0 0 0 0 
564 0 0 0 0 0 0 0 0 0 0 0 0 0 0 0 0 0 0 0 
564 0 0 0 0 0 0 0 0 0 0 0 0 0 0 0 0 0 0 0 
562 0 0 0 0 0 0 0 0 0 0 0 0 0 0 0 0 0 0 0 
629 0 0 0 0 0 0 0 0 0 0 0 0 0 0 0 0 0 0 0 
628 0 0 0 0 0 0 0 0 0 0 0 0 0 0 0 0 0 0 0 
628 0 0 0 0 0 0 0 0 0 0 0 0 0 0 0 0 0 0 0 
627 0 0 0 0 0 0 0 0 0 0 0 0 0 0 0 0 0 0 0 
728 0 0 0 0 0 0 0 0 0 0 0 0 0 0 0 0 0 0 0 
727 0 0 0 0 0 0 0 0 0 0 0 0 0 0 0 0 0 0 0 
727 0 0 0 0 0 0 0 0 0 0 0 0 0 0 0 0 0 0 0 
726 0 0 0 0 0 0 0 0 0 0 0 0 0 0 0 0 0 0 0 
935 0 0 0 0 0 0 0 0 0 0 0 0 0 0 0 0 0 0 0 
934 0 0 0 0 0 0 0 0 0 0 0 0 0 0 0 0 0 0 0 
934 0 0 0 0 0 0 0 0 0 0 0 0 0 0 0 0 0 0 0 
932 0 0 0 0 0 0 0 0 0 0 0 0 0 0 0 0 0 0 0 
1036 0 0 0 0 0 0 0 0 0 0 0 0 0 0 0 0 0 0 0 
1036 0 0 0 0 0 0 0 0 0 0 0 0 0 0 0 0 0 0 0 
1036 0 0 0 0 0 0 0 0 0 0 0 0 0 0 0 0 0 0 0 
1034 0 0 0 0 0 0 0 0 0 0 0 0 0 0 0 0 0 0 0 
462 0 0 0 0 0 0 0 0 0 0 0 0 0 0 0 0 0 0 0 
462 0 0 0 0 0 0 0 0 0 0 0 0 0 0 0 0 0 0 0 
461 0 0 0 0 0 0 0 0 0 0 0 0 0 0 0 0 0 0 0 
460 0 0 0 0 0 0 0 0 0 0 0 0 0 0 0 0 0 0 0 
462 0 0 0 0 0 0 0 0 0 0 0 0 0 0 0 0 0 0 0 
462 0 0 0 0 0 0 0 0 0 0 0 0 0 0 0 0 0 0 0 
461 0 0 0 0 0 0 0 0 0 0 0 0 0 0 0 0 0 0 0 
460 0 0 0 0 0 0 0 0 0 0 0 0 0 0 0 0 0 0 0 
694 0 0 0 0 0 0 0 0 0 0 0 0 0 0 0 0 0 0 0 
693 0 0 0 0 0 0 0 0 0 0 0 0 0 0 0 0 0 0 0 
693 0 0 0 0 0 0 0 0 0 0 0 0 0 0 0 0 0 0 0 
692 0 0 0 0 0 0 0 0 0 0 0 0 0 0 0 0 0 0 0 
795 0 0 0 0 0 0 0 0 0 0 0 0 0 0 0 0 0 0 0 
794 0 0 0 0 0 0 0 0 0 0 0 0 0 0 0 0 0 0 0 
794 0 0 0 0 0 0 0 0 0 0 0 0 0 0 0 0 0 0 0 
792 0 0 0 0 0 0 0 0 0 0 0 0 0 0 0 0 0 0 0 
616 0 0 0 0 0 0 0 0 0 0 0 0 0 0 0 0 0 0 0 
615 0 0 0 0 0 0 0 0 0 0 0 0 0 0 0 0 0 0 0 
615 0 0 0 0 0 0 0 0 0 0 0 0 0 0 0 0 0 0 0 
613 0 0 0 0 0 0 0 0 0 0 0 0 0 0 0 0 0 0 0 
635 0 0 0 0 0 0 0 0 0 0 0 0 0 0 0 0 0 0 0 
634 0 0 0 0 0 0 0 0 0 0 0 0 0 0 0 0 0 0 0 
634 0 0 0 0 0 0 0 0 0 0 0 0 0 0 0 0 0 0 0 
633 0 0 0 0 0 0 0 0 0 0 0 0 0 0 0 0 0 0 0 
717 0 0 0 0 0 0 0 0 0 0 0 0 0 0 0 0 0 0 0 
717 0 0 0 0 0 0 0 0 0 0 0 0 0 0 0 0 0 0 0 
716 0 0 0 0 0 0 0 0 0 0 0 0 0 0 0 0 0 0 0 
715 0 0 0 0 0 0 0 0 0 0 0 0 0 0 0 0 0 0 0 
939 0 0 0 0 0 0 0 0 0 0 0 0 0 0 0 0 0 0 0 
938 0 0 0 0 0 0 0 0 0 0 0 0 0 0 0 0 0 0 0 
938 0 0 0 0 0 0 0 0 0 0 0 0 0 0 0 0 0 0 0 
936 0 0 0 0 0 0 0 0 0 0 0 0 0 0 0 0 0 0 0 
692 0 0 0 0 0 0 0 0 0 0 0 0 0 0 0 0 0 0 0 
691 0 0 0 0 0 0 0 0 0 0 0 0 0 0 0 0 0 0 0 
691 0 0 0 0 0 0 0 0 0 0 0 0 0 0 0 0 0 0 0 
689 0 0 0 0 0 0 0 0 0 0 0 0 0 0 0 0 0 0 0 
977 0 0 0 0 0 0 0 0 0 0 0 0 0 0 0 0 0 0 0 
976 0 0 0 0 0 0 0 0 0 0 0 0 0 0 0 0 0 0 0 
976 0 0 0 0 0 0 0 0 0 0 0 0 0 0 0 0 0 0 0 
976 0 0 0 0 0 0 0 0 0 0 0 0 0 0 0 0 0 0 0 
786 0 0 0 0 0 0 0 0 0 0 0 0 0 0 0 0 0 0 0 
786 0 0 0 0 0 0 0 0 0 0 0 0 0 0 0 0 0 0 0 
785 0 0 0 0 0 0 0 0 0 0 0 0 0 0 0 0 0 0 0 
785 0 0 0 0 0 0 0 0 0 0 0 0 0 0 0 0 0 0 0 
612 0 0 0 0 0 0 0 0 0 0 0 0 0 0 0 0 0 0 0 
612 0 0 0 0 0 0 0 0 0 0 0 0 0 0 0 0 0 0 0 
612 0 0 0 0 0 0 0 0 0 0 0 0 0 0 0 0 0 0 0 
611 0 0 0 0 0 0 0 0 0 0 0 0 0 0 0 0 0 0 0 
719 0 0 0 0 0 0 0 0 0 0 0 0 0 0 0 0 0 0 0 
718 0 0 0 0 0 0 0 0 0 0 0 0 0 0 0 0 0 0 0 
718 0 0 0 0 0 0 0 0 0 0 0 0 0 0 0 0 0 0 0 
718 0 0 0 0 0 0 0 0 0 0 0 0 0 0 0 0 0 0 0 
629 0 0 0 0 0 0 0 0 0 0 0 0 0 0 0 0 0 0 0 
628 0 0 0 0 0 0 0 0 0 0 0 0 0 0 0 0 0 0 0 
628 0 0 0 0 0 0 0 0 0 0 0 0 0 0 0 0 0 0 0 
627 0 0 0 0 0 0 0 0 0 0 0 0 0 0 0 0 0 0 0 
993 0 0 0 0 0 0 0 0 0 0 0 0 0 0 0 0 0 0 0 
992 0 0 0 0 0 0 0 0 0 0 0 0 0 0 0 0 0 0 0 
992 0 0 0 0 0 0 0 0 0 0 0 0 0 0 0 0 0 0 0 
991 0 0 0 0 0 0 0 0 0 0 0 0 0 0 0 0 0 0 0 
938 0 0 0 0 0 0 0 0 0 0 0 0 0 0 0 0 0 0 0 
937 0 0 0 0 0 0 0 0 0 0 0 0 0 0 0 0 0 0 0 
937 0 0 0 0 0 0 0 0 0 0 0 0 0 0 0 0 0 0 0 
936 0 0 0 0 0 0 0 0 0 0 0 0 0 0 0 0 0 0 0 
