0 551824 417434 386999 345122 358684 269994 203414 39447 19112 6973 1983 398 24 0 0 0 0 0 0 
0 537058 411207 389239 352641 365141 279809 203306 37625 15407 5959 2587 1054 327 48 0 0 0 0 0 
0 552020 416195 377312 344975 368469 286528 205186 29835 11332 4429 2951 1604 560 11 0 0 0 0 0 
0 555081 403213 379088 358354 378726 294184 211100 18534 2831 287 9 0 0 0 0 0 0 0 0 
0 622244 460204 434384 395844 407617 288599 194592 30675 12993 4306 1550 357 10 0 0 0 0 0 0 
0 659192 485819 423897 374506 379699 280902 198339 32459 12726 3942 1297 464 129 4 0 0 0 0 0 
0 627031 469276 413347 376526 401560 295418 217808 33823 12490 4222 1434 404 35 0 0 0 0 0 0 
0 604794 442142 419428 395820 413625 318924 230245 20022 6342 1660 360 12 0 0 0 0 0 0 0 
0 378795 280701 271335 253716 271785 212318 150232 21877 5992 976 117 3 0 0 0 0 0 0 0 
0 362010 275631 272916 261596 288056 219300 132724 24845 8404 2036 315 13 0 0 0 0 0 0 0 
0 374324 283011 270998 254393 277779 214830 143549 19234 7336 2043 309 40 0 0 0 0 0 0 0 
0 377154 281901 268999 256695 278765 217064 150725 13491 2604 382 65 1 0 0 0 0 0 0 0 
0 425637 310955 302689 281640 290381 97113 20011 4847 748 8 0 0 0 0 0 0 0 0 0 
0 425941 324848 307682 276381 273783 91829 25053 6553 1808 149 2 0 0 0 0 0 0 0 0 
0 421676 316388 299499 282320 292335 99639 16574 4339 1129 130 0 0 0 0 0 0 0 0 0 
0 421686 315750 299177 287771 303833 95407 8535 1607 241 21 0 0 0 0 0 0 0 0 0 
0 591897 433489 380367 355663 397925 292181 190782 17190 4294 528 79 0 0 0 0 0 0 0 0 
0 542989 412104 397948 374600 409577 296375 175575 34155 13819 5019 1750 423 60 0 0 0 0 0 0 
0 568113 429066 401016 373970 407544 289850 152501 27688 10598 3134 758 155 1 0 0 0 0 0 0 
0 593199 449270 397193 355869 385304 286288 165098 21683 7192 2555 693 49 0 0 0 0 0 0 0 
0 511700 382514 375773 347170 368487 281970 190491 30951 10747 2617 293 4 0 0 0 0 0 0 0 
0 504402 390265 382253 347259 364043 275638 180558 37612 14242 4282 1589 487 87 0 0 0 0 0 0 
0 515224 396089 377894 339759 354778 269212 183910 41197 16040 5358 2308 810 125 12 0 0 0 0 0 
0 549026 409047 367644 326056 350986 275729 180871 25973 10562 4233 1776 713 100 0 0 0 0 0 0 
0 523818 381064 368136 347333 360381 251895 141686 15739 5425 2296 1274 730 205 14 0 0 0 0 0 
0 508680 379396 363701 339478 357043 260110 158276 23047 7748 2069 394 52 1 0 0 0 0 0 0 
0 524591 393587 361601 331278 347911 257712 150491 20590 8191 2765 993 262 23 0 0 0 0 0 0 
0 527243 387258 352155 328565 355007 273367 156524 15260 3901 679 36 0 0 0 0 0 0 0 0 
0 450012 336211 329689 314723 340288 268079 175477 21658 6950 1905 639 263 65 0 0 0 0 0 0 
0 458897 353619 335112 311310 333590 252757 162323 27170 8655 1992 440 83 10 0 0 0 0 0 0 
0 463374 351022 326306 305815 332871 257770 169410 26300 9949 2547 542 52 0 0 0 0 0 0 0 
0 487765 352879 330224 308171 327954 255306 161298 16265 4839 1206 50 0 0 0 0 0 0 0 0 
0 512223 389056 380669 352339 372751 284411 197867 35173 12148 2872 621 25 0 0 0 0 0 0 0 
0 534119 404714 378449 348907 373000 285841 177014 25545 9660 2581 317 8 0 0 0 0 0 0 0 
0 556151 408177 364783 337914 364136 280571 196482 22990 6919 1648 357 27 0 0 0 0 0 0 0 
0 552931 397581 368249 344895 368438 282043 198019 20006 6013 1573 348 57 1 0 0 0 0 0 0 
0 480161 365039 356586 332639 355367 271182 196635 47224 22335 7691 2655 757 142 0 0 0 0 0 0 
0 542422 409533 358764 316368 334308 254833 173615 32423 11511 3253 1062 286 34 0 0 0 0 0 0 
0 542127 393282 349102 320003 340038 263763 186299 30289 10831 2333 336 9 0 0 0 0 0 0 0 
0 526575 375479 349717 329180 352742 272963 199145 22303 7215 2181 586 305 20 0 0 0 0 0 0 
0 326050 239369 230534 219829 240793 186483 109810 10022 2560 318 17 0 0 0 0 0 0 0 0 
0 325595 240950 236662 226332 244922 182005 97612 9006 2489 205 6 0 0 0 0 0 0 0 0 
0 335342 242059 220403 209717 230598 182911 120213 14698 6803 2476 545 19 0 0 0 0 0 0 0 
0 336684 245313 228376 216303 233284 183080 110501 9382 2538 319 3 0 0 0 0 0 0 0 0 
0 323787 239440 232108 224586 246821 195553 120142 12361 5993 2822 1285 354 34 0 0 0 0 0 0 
0 336961 247894 238859 229048 247350 189105 105425 7500 2480 613 50 0 0 0 0 0 0 0 0 
0 339041 255962 235265 220854 240435 185187 114750 8945 3411 1071 359 5 0 0 0 0 0 0 0 
0 341974 251165 229146 217225 238575 186588 121251 14184 4210 762 197 7 0 0 0 0 0 0 0 
0 411243 310819 297020 277879 297344 218900 144026 24444 8331 2319 549 80 1 0 0 0 0 0 0 
0 407344 314550 300315 277905 298180 219282 134753 27952 10194 2036 398 45 0 0 0 0 0 0 0 
0 431446 311921 293578 275971 292811 222053 134893 19523 7881 2364 504 9 0 0 0 0 0 0 0 
0 442048 315893 293498 276131 297573 224986 133923 7237 1478 185 2 0 0 0 0 0 0 0 0 
0 359722 268524 256815 240271 252164 181104 107860 16232 5319 1035 60 0 0 0 0 0 0 0 0 
0 360618 268984 258124 242375 257247 188369 102221 9754 1343 67 3 0 0 0 0 0 0 0 0 
0 362860 267588 248637 233306 250574 190619 119508 11687 3540 624 162 0 0 0 0 0 0 0 0 
0 378046 268904 251729 237151 253702 191014 102121 5325 973 133 6 0 0 0 0 0 0 0 0 
0 582694 429814 411689 392641 419900 314414 204765 28305 11541 3699 910 175 21 0 0 0 0 0 0 
0 580994 434172 414496 396981 426603 316483 191119 28549 8771 1986 393 20 0 0 0 0 0 0 0 
0 563301 420709 411260 394545 425866 323331 205337 34288 14891 5102 1419 404 110 4 0 0 0 0 0 
0 598327 426927 399156 381119 415185 324759 214861 25381 10518 3259 905 163 6 0 0 0 0 0 0 
0 565344 414961 393295 373903 403959 312738 207415 29542 12549 4267 1237 151 4 0 0 0 0 0 0 
0 545895 409402 391468 369359 395775 309734 224030 46173 18973 5968 2025 519 43 0 0 0 0 0 0 
0 549719 409736 390324 369505 399019 311820 223764 43004 16756 4544 1024 148 1 0 0 0 0 0 0 
0 568746 408325 384574 367680 400705 313717 219875 33840 15986 5059 835 22 0 0 0 0 0 0 0 
0 551442 413481 393167 351252 358141 267999 192897 36580 14966 6005 2490 902 205 0 0 0 0 0 0 
0 549344 407315 378002 346737 370888 289398 208042 25839 9684 2866 955 358 94 5 0 0 0 0 0 
0 549391 408497 378326 344679 364097 288409 214916 26449 10227 3437 933 165 0 0 0 0 0 0 0 
0 549739 406743 381251 350689 372078 291900 208035 22031 6142 875 42 1 0 0 0 0 0 0 0 
0 530097 392246 374021 341507 352473 268447 202090 42707 20077 7929 2914 675 73 0 0 0 0 0 0 
0 526897 392248 368903 341772 367728 284712 202911 33993 12727 2989 344 32 0 0 0 0 0 0 0 
0 538110 403413 369384 336383 355637 282874 210939 26494 9477 2102 419 23 0 0 0 0 0 0 0 
0 535268 391650 369601 342812 365138 287231 207708 24381 8132 2399 879 56 0 0 0 0 0 0 0 
0 368713 274374 267444 255240 274709 207214 141248 24040 9378 2584 347 18 0 0 0 0 0 0 0 
0 397786 291765 269358 250348 267520 207245 132166 7983 1084 53 0 0 0 0 0 0 0 0 0 
0 390907 293126 262150 243816 266290 207645 141704 13938 4473 1065 194 0 0 0 0 0 0 0 0 
0 389537 288583 265261 247940 268761 207888 135008 15817 4917 1275 275 45 1 0 0 0 0 0 0 
0 354870 261144 251062 240554 257275 197936 135215 19057 6119 1883 535 152 1 0 0 0 0 0 0 
0 368322 268853 249615 231795 250532 197681 138960 15099 4167 669 107 2 0 0 0 0 0 0 0 
0 370605 274436 251279 234688 252901 198732 130240 10107 2554 259 1 0 0 0 0 0 0 0 0 
0 365578 268314 250738 235282 254467 197129 134043 14108 4227 1228 455 186 46 0 0 0 0 0 0 
0 497864 377979 374725 358537 383687 274069 157910 29163 10658 2338 295 6 0 0 0 0 0 0 0 
0 482085 374804 365622 341793 367805 278190 187516 44182 18068 5642 1394 129 0 0 0 0 0 0 0 
0 499896 383014 369528 345795 374741 282073 168588 30580 10292 2407 307 9 0 0 0 0 0 0 0 
0 524474 393774 372645 343259 364323 275265 155211 26915 8702 1993 506 138 24 0 0 0 0 0 0 
0 422410 315596 306662 289404 313660 243716 156063 29864 11305 3081 792 105 3 0 0 0 0 0 0 
0 408836 316382 306840 292612 320922 242411 151774 33821 14436 3923 608 92 3 0 0 0 0 0 0 
0 433378 334155 315338 292975 313013 233664 135047 22420 8412 2863 1033 336 26 0 0 0 0 0 0 
0 442129 326202 309483 291238 313913 243656 147207 13907 4142 748 35 0 0 0 0 0 0 0 0 
0 462234 335147 327081 309538 327497 256810 186535 18286 7212 3182 1355 402 29 0 0 0 0 0 0 
0 468361 343527 325472 306946 329717 258024 175220 17660 7403 2364 581 33 0 0 0 0 0 0 0 
0 471789 346198 323354 306516 332719 258853 170786 16424 6471 1849 318 30 0 0 0 0 0 0 0 
0 474797 345243 322295 305692 329923 258516 177695 15665 4497 872 108 4 0 0 0 0 0 0 0 
0 481876 345635 334828 316655 337023 269502 199982 18016 5797 1644 531 74 0 0 0 0 0 0 0 
0 484074 357754 337434 317314 341101 261389 181148 20735 7553 2169 738 154 0 0 0 0 0 0 0 
0 474148 353181 333856 318092 344464 268573 185742 21038 8822 2681 859 106 1 0 0 0 0 0 0 
0 471853 349483 324437 311277 343768 272373 202288 21752 9498 3430 1166 234 3 0 0 0 0 0 0 
0 441478 329302 316247 293990 314648 238173 162758 32996 13591 4762 1912 555 114 1 0 0 0 0 0 
0 453312 336320 320971 296988 310664 242128 165419 20848 3513 358 5 0 0 0 0 0 0 0 0 
0 448006 341002 322408 294897 311803 237683 156728 26544 8554 2065 628 191 17 0 0 0 0 0 0 
0 456544 334764 316202 297982 321851 249310 155341 13420 3418 1111 436 126 21 0 0 0 0 0 0 
0 443495 329847 318458 297872 318396 242365 177701 33447 13806 4545 1389 298 31 0 0 0 0 0 0 
0 456183 340245 316643 292726 309425 237103 176158 33185 13334 4646 1450 452 100 0 0 0 0 0 0 
0 448922 342311 319500 289082 305243 230951 171493 44726 20251 6619 1951 519 82 0 0 0 0 0 0 
0 446753 327908 309978 294570 321170 254269 182113 24920 12360 4908 1899 557 223 21 0 0 0 0 0 
0 352869 257321 256228 249356 262285 206682 124190 12205 3803 585 4 0 0 0 0 0 0 0 0 
0 362463 265541 261633 251585 262138 201207 111322 7962 1532 144 0 0 0 0 0 0 0 0 0 
0 344689 259627 254672 246908 264308 207484 128117 15908 3536 278 0 0 0 0 0 0 0 0 0 
0 348542 260199 251987 244004 262810 203743 130349 14644 6058 2148 856 181 5 0 0 0 0 0 0 
0 420464 304697 297426 283422 303147 236578 158634 11971 2402 240 1 0 0 0 0 0 0 0 0 
0 413660 306168 299620 286533 306139 237815 153717 12146 2760 412 11 0 0 0 0 0 0 0 0 
0 426547 318609 301471 282445 303053 232911 137873 12277 3069 650 75 1 0 0 0 0 0 0 0 
0 439020 321313 301382 280158 301037 230994 134084 9089 1649 249 6 0 0 0 0 0 0 0 0 
0 431198 319018 307990 295343 301069 90530 10680 2799 596 92 2 0 0 0 0 0 0 0 0 
0 432862 323119 310426 293806 300797 87799 8091 2026 378 13 0 0 0 0 0 0 0 0 0 
0 442163 330656 316998 293420 295205 76457 4081 317 20 0 0 0 0 0 0 0 0 0 0 
0 442323 322611 311714 292615 296779 82304 8562 2042 365 1 0 0 0 0 0 0 0 0 0 
0 622289 466547 439022 392844 383534 136155 32555 9396 2231 275 55 7 0 0 0 0 0 0 0 
0 625798 458973 428116 395744 400148 138132 27744 7983 2097 170 5 0 0 0 0 0 0 0 0 
0 638228 460955 424182 389489 391638 136124 31850 9498 2712 232 1 0 0 0 0 0 0 0 0 
0 636562 461719 430642 399426 403325 126221 19469 5435 1778 315 17 0 0 0 0 0 0 0 0 
0 551519 415939 396785 369948 375304 124321 29276 7231 1151 23 0 0 0 0 0 0 0 0 0 
0 584667 427970 392640 357495 360676 120206 22417 4322 986 115 3 0 0 0 0 0 0 0 0 
0 563625 418889 389396 362399 370124 130167 27082 7729 1889 192 4 0 0 0 0 0 0 0 0 
0 562966 410843 387444 367241 377583 121658 29540 10904 2888 378 51 0 0 0 0 0 0 0 0 
0 457084 332549 322909 307561 300818 67449 5296 566 13 0 0 0 0 0 0 0 0 0 0 
0 434517 332575 318937 299671 297012 84299 20590 5348 1231 64 0 0 0 0 0 0 0 0 0 
0 432651 321687 308177 293251 305184 95306 24502 8911 3538 937 100 0 0 0 0 0 0 0 0 
0 456898 324393 308134 291254 296068 95173 12348 4993 3199 1480 303 0 0 0 0 0 0 0 0 
0 379573 263603 258813 247619 239923 53461 10491 1891 231 13 0 0 0 0 0 0 0 0 0 
0 384441 267501 247419 233040 234561 64149 17424 5321 1570 183 9 0 0 0 0 0 0 0 0 
0 358594 256651 247687 238342 249107 78001 19762 6245 1205 24 0 0 0 0 0 0 0 0 0 
0 369138 259014 251178 242275 254394 71617 5913 1588 488 12 0 0 0 0 0 0 0 0 0 
0 460542 337844 328674 305924 308515 93100 17145 4006 840 25 0 0 0 0 0 0 0 0 0 
0 474532 358998 334655 296360 278156 80481 23780 7056 1982 530 84 0 0 0 0 0 0 0 0 
0 473641 356118 331997 302280 293286 79687 14520 4034 934 116 1 0 0 0 0 0 0 0 0 
0 479250 350373 325227 303238 301541 85276 9920 1638 150 0 0 0 0 0 0 0 0 0 0 
0 556108 400118 383317 356631 365510 117913 19273 4297 1013 156 6 0 0 0 0 0 0 0 0 
0 569221 422892 380594 340077 337865 109696 29379 10069 3713 754 81 0 0 0 0 0 0 0 0 
0 551773 411121 381317 346148 346914 121499 33882 8942 2371 372 2 0 0 0 0 0 0 0 0 
0 540160 396573 377984 356949 360544 127273 29574 11007 3388 827 61 0 0 0 0 0 0 0 0 
0 503101 366428 340736 312732 328087 255708 191023 27107 9021 2970 1303 505 191 28 0 0 0 0 0 
0 527832 393350 342543 302111 316247 235967 162776 32144 15573 6824 2699 744 128 1 0 0 0 0 0 
0 526872 391763 344578 308801 322634 240649 163907 26954 9821 2481 474 5 0 0 0 0 0 0 0 
0 499578 363005 342083 317462 334330 255685 183493 28933 10067 2992 1037 269 5 0 0 0 0 0 0 
0 757173 553012 530032 496427 522033 409751 315563 51441 23839 9768 3878 880 25 0 0 0 0 0 0 
0 735105 563654 540720 499794 526564 402891 290180 70446 30538 9938 3177 721 93 0 0 0 0 0 0 
0 741819 551944 530607 490263 523824 406313 298677 76962 36671 12442 3664 587 48 0 0 0 0 0 0 
0 765282 567703 524502 494804 536640 417741 295105 43695 18736 6794 2370 429 19 0 0 0 0 0 0 
0 805170 585865 547161 509038 535857 413552 317218 40416 15564 5776 2448 999 360 66 0 0 0 0 0 
0 793079 602864 555724 490904 508776 387637 296649 81043 39735 15338 5672 1683 372 14 0 0 0 0 0 
0 764211 576287 539482 494643 527035 410981 321848 84977 40108 13613 4688 1376 228 13 0 0 0 0 0 
0 792750 577657 535272 504986 542267 424245 314000 53394 23842 7307 2461 953 304 51 0 0 0 0 0 
0 440991 326103 316300 303606 332810 262383 183565 30279 12097 3438 880 54 0 0 0 0 0 0 0 
0 457276 336651 316134 298332 326997 256576 170257 29452 14474 4986 1249 122 0 0 0 0 0 0 0 
0 478774 348893 319764 299298 322796 247672 158184 23381 9262 3453 942 87 0 0 0 0 0 0 0 
0 486131 344740 315168 299458 327446 259657 166628 8913 2507 1075 612 170 0 0 0 0 0 0 0 
0 398979 296832 288031 271794 295423 231642 147322 26622 10789 3049 523 21 0 0 0 0 0 0 0 
0 404623 300170 289455 272173 292246 226705 151973 23719 6805 1885 932 326 15 0 0 0 0 0 0 
0 429993 312551 285436 266381 287132 224856 146125 14317 3331 655 206 43 0 0 0 0 0 0 0 
0 416928 300911 279773 268081 292445 229866 160077 16096 5325 1242 263 19 0 0 0 0 0 0 0 
0 507130 378503 372389 355507 381942 298342 216149 39241 16216 4769 1034 132 5 0 0 0 0 0 0 
0 493054 377165 376212 355822 381131 297584 214011 46380 20334 6718 2402 504 42 0 0 0 0 0 0 
0 520063 396880 375043 343248 366644 283254 205936 45122 20430 9282 4073 1277 106 0 0 0 0 0 0 
0 530781 398949 376169 352051 382271 296049 190271 28100 10534 4382 1567 226 8 0 0 0 0 0 0 
0 497544 373231 369248 351886 376957 294752 221804 41323 17117 5838 1126 64 0 0 0 0 0 0 0 
0 529157 398654 371333 335963 351655 269515 207640 52733 23099 7889 2637 579 35 0 0 0 0 0 0 
0 561160 414643 368076 330984 347340 269808 197025 38929 15101 4949 2040 669 157 8 0 0 0 0 0 
0 536242 395155 370489 347632 375895 292001 202305 21935 7051 1800 356 26 2 0 0 0 0 0 0 
0 536294 406142 402914 374604 391206 295983 213769 52981 24011 8923 3684 1212 369 73 4 0 0 0 0 
0 608625 462510 426255 364667 361632 269701 173341 29371 10284 3749 1576 413 45 0 0 0 0 0 0 
0 584683 452046 413622 357688 363644 271959 187628 46414 20987 8317 3706 1281 192 1 0 0 0 0 0 
0 597799 454736 429175 376806 378905 278707 168812 21718 4733 702 75 0 0 0 0 0 0 0 0 
0 503122 384076 378592 354384 374336 282576 199951 44415 16891 4983 1968 525 83 4 0 0 0 0 0 
0 580455 445333 401019 332257 329581 244131 164871 31462 11798 3758 1093 146 1 0 0 0 0 0 0 
0 573896 440320 395963 333029 331229 242122 163744 36390 16422 7245 3687 1504 337 17 0 0 0 0 0 
0 555498 421349 400686 353897 358962 257035 160650 26649 8100 2225 762 91 0 0 0 0 0 0 0 
0 351347 261238 252504 239112 259232 198713 118218 13526 3711 586 111 2 0 0 0 0 0 0 0 
0 321823 250842 251839 242516 267025 200698 121225 28416 10985 2470 418 43 0 0 0 0 0 0 0 
0 358862 266836 253444 235165 252422 192002 110366 18587 7928 2161 495 31 0 0 0 0 0 0 0 
0 368961 267045 247198 232861 255065 197146 111779 12212 4940 1061 31 0 0 0 0 0 0 0 0 
0 358140 267138 261062 250000 269726 209592 132402 19999 6093 875 66 0 0 0 0 0 0 0 0 
0 355123 275887 267080 247980 264624 200097 127639 26287 8575 1628 169 3 0 0 0 0 0 0 0 
0 379666 279436 259781 241835 261103 202670 122897 17552 7122 2211 717 101 1 0 0 0 0 0 0 
0 376952 273231 257909 244623 264890 209090 133440 10959 3335 621 41 0 0 0 0 0 0 0 0 
0 689870 500664 485810 457242 490151 388018 281357 35537 11842 3988 1422 264 3 0 0 0 0 0 0 
0 644312 493988 475050 448177 490298 386566 280118 72957 35997 12454 4729 1388 133 0 0 0 0 0 0 
0 683415 513925 488970 458592 490957 386402 264907 40444 13499 3943 903 187 23 0 0 0 0 0 0 
0 705057 513875 481571 455372 489210 386795 266885 32597 11467 2663 518 130 26 1 0 0 0 0 0 
0 637271 464786 453440 430538 463188 367686 276338 40892 17156 5963 1564 219 6 0 0 0 0 0 0 
0 610461 466439 459297 430911 460190 355239 264855 65838 28818 10742 4691 1407 158 0 0 0 0 0 0 
0 651165 494883 462872 424126 454844 353981 261219 41506 11820 2074 520 36 0 0 0 0 0 0 0 
0 656802 480102 452139 427690 460416 363938 269072 32794 12210 2941 804 136 1 0 0 0 0 0 0 
0 553286 423801 415912 376985 387543 288959 211375 54382 28607 15090 6251 1616 186 0 0 0 0 0 0 
0 549111 418926 411875 382587 405579 307986 215107 43837 19595 6601 2124 612 52 0 0 0 0 0 0 
0 578375 432802 400635 369304 394226 304228 220177 40944 17086 5144 1012 59 0 0 0 0 0 0 0 
0 566544 418414 400525 378172 402699 313208 225068 34647 15680 6231 2122 562 114 5 0 0 0 0 0 
0 544078 413243 401153 365100 363227 131790 40425 13586 4825 1161 103 0 0 0 0 0 0 0 0 
0 557264 418083 399563 370387 373588 128184 23753 6211 1324 256 71 6 0 0 0 0 0 0 0 
0 572507 424626 390600 359306 367285 124546 26517 9881 2973 360 84 5 0 0 0 0 0 0 0 
0 560617 413224 395676 370922 374221 127491 26153 7969 2289 128 0 0 0 0 0 0 0 0 0 
0 400749 296440 282287 263711 283567 222230 166917 25523 9099 1998 605 228 69 0 0 0 0 0 0 
0 373966 291858 284545 268634 289975 224140 155349 36396 17482 7270 2805 847 142 14 0 0 0 0 0 
0 394701 297126 284810 270027 294224 227115 145298 24641 10128 3613 1236 421 82 0 0 0 0 0 0 
0 406184 297092 280532 268422 291875 230753 154277 13470 5732 2628 1706 679 72 0 0 0 0 0 0 
0 373607 273958 265518 249576 266727 209992 157114 23301 9246 2659 530 67 5 0 0 0 0 0 0 
0 364236 277735 270957 255392 276690 210904 140977 24277 8540 2047 417 128 0 0 0 0 0 0 0 
0 371935 280782 270508 258500 281003 218599 131827 13327 4318 1362 138 0 0 0 0 0 0 0 0 
0 376938 280239 263969 251156 276994 217970 142279 14588 5715 1922 502 27 0 0 0 0 0 0 0 
0 497240 363701 345418 324946 353531 275880 193608 24579 7317 1189 156 6 0 0 0 0 0 0 0 
0 481101 359010 342187 321724 343491 270002 205467 39827 16407 5631 2141 496 80 7 0 0 0 0 0 
0 492927 367477 341540 319458 342133 263610 198452 38862 16146 5027 1490 428 21 0 0 0 0 0 0 
0 477380 359371 346557 323275 342770 259733 188867 48355 24532 10380 4301 1747 298 4 0 0 0 0 0 
0 447411 327500 315097 300210 324366 254103 182516 20563 5918 1298 304 29 0 0 0 0 0 0 0 
0 438806 324418 311215 292859 310985 244037 186859 37355 18753 7747 3724 1724 663 165 5 0 0 0 0 
0 456772 340789 315570 290349 306739 233607 175484 38623 15327 4635 1265 155 0 0 0 0 0 0 0 
0 454406 336835 313305 288643 303328 233936 171947 41357 20638 8986 3873 1432 510 117 1 0 0 0 0 
0 572920 429413 418268 399384 434426 337019 238305 42608 18669 5758 1672 329 4 0 0 0 0 0 0 
0 577852 441791 432840 398928 422496 323306 219075 51168 22103 7365 1659 188 4 0 0 0 0 0 0 
0 607282 472025 444493 397230 413002 309280 203035 35569 11739 3574 1263 277 5 0 0 0 0 0 0 
0 639171 476236 438409 393995 410965 317873 197916 18500 4328 890 343 144 4 0 0 0 0 0 0 
0 577218 428886 411393 383227 405007 315892 222749 31054 11706 5116 2558 1040 312 18 0 0 0 0 0 
0 582120 448778 412473 370691 389520 296249 217620 44773 20096 8350 3873 1417 214 1 0 0 0 0 0 
0 599214 460925 404513 358630 382853 293656 213565 46502 23211 8750 3421 881 54 0 0 0 0 0 0 
0 602741 447998 408039 372105 398618 313613 221191 23101 6504 1494 590 158 22 0 0 0 0 0 0 
0 321429 240410 234640 226119 248139 194309 128819 21835 6591 1375 275 38 0 0 0 0 0 0 0 
0 322881 246611 238973 228553 250001 186955 116233 22208 8125 2333 903 201 1 0 0 0 0 0 0 
0 303770 239143 242284 234382 256999 189611 109579 28616 12671 4775 1778 358 12 0 0 0 0 0 0 
0 343088 252992 240273 228178 248982 191615 101763 10107 4032 1861 747 285 54 0 0 0 0 0 0 
0 312331 234664 230758 221677 244105 188245 124218 25792 10354 2517 424 2 0 0 0 0 0 0 0 
0 311682 242561 241830 226867 241253 175908 108179 27223 11992 4475 2022 848 231 15 0 0 0 0 0 
0 326285 251656 242863 226200 243764 178008 98770 18162 6360 1991 841 184 2 0 0 0 0 0 0 
0 342484 256437 240852 224343 244516 184411 92775 7231 1634 355 47 0 0 0 0 0 0 0 0 
0 358959 269811 262551 251039 273699 214794 144617 26331 9833 2968 1069 203 4 0 0 0 0 0 0 
0 353099 272050 267192 252228 271319 209532 140666 31084 13142 4073 1246 226 20 0 0 0 0 0 0 
0 373306 283505 276401 256930 274860 206526 117053 20200 5201 1308 456 127 4 0 0 0 0 0 0 
0 383801 288122 271099 252253 273946 205786 120525 15754 3980 575 36 0 0 0 0 0 0 0 0 
0 411842 304292 294945 284672 308095 246115 189806 31603 15987 5863 1507 170 0 0 0 0 0 0 0 
0 440320 320396 304950 289578 311068 243883 163398 15165 4719 1139 278 2 0 0 0 0 0 0 0 
0 435569 324802 304430 287853 314156 243038 158980 19829 5425 763 51 0 0 0 0 0 0 0 0 
0 449447 322553 300183 285935 309778 239539 158365 20516 6523 1766 274 17 0 0 0 0 0 0 0 
0 396766 294816 285275 271158 293262 231875 161219 24160 9585 4005 1759 586 17 0 0 0 0 0 0 
0 411666 306402 288418 270831 293385 229263 152575 16789 4071 904 179 0 0 0 0 0 0 0 0 
0 410333 304614 283259 267302 292118 231087 158885 18621 6636 1505 122 0 0 0 0 0 0 0 0 
0 409954 296063 278918 267628 291632 228519 169982 21572 8107 1856 238 13 0 0 0 0 0 0 0 
0 380685 276610 269062 257691 279382 224479 162119 16475 6236 2092 349 0 0 0 0 0 0 0 0 
0 399934 294133 281702 261496 277995 216104 131686 9510 2009 501 110 0 0 0 0 0 0 0 0 
0 395286 293977 282718 266269 284017 215965 122655 11231 2667 373 22 0 0 0 0 0 0 0 0 
0 395921 295810 275444 260125 283864 218300 127572 10849 4195 2162 872 65 0 0 0 0 0 0 0 
0 390369 285576 273712 260731 282065 223445 157705 14009 4320 762 56 0 0 0 0 0 0 0 0 
0 393223 291131 281305 264050 284425 221506 139839 11359 3598 1527 736 50 1 0 0 0 0 0 0 
0 382699 290710 277532 263741 287689 219666 141029 19321 8067 1775 430 87 3 0 0 0 0 0 0 
0 388405 287748 272631 259237 286336 221776 146867 16923 8498 3097 1027 196 8 0 0 0 0 0 0 
0 314449 232148 225552 212975 224592 164647 99116 6495 1557 625 292 4 0 0 0 0 0 0 0 
0 325373 238540 231504 214803 224573 157304 77667 9133 2918 622 15 0 0 0 0 0 0 0 0 
0 319222 238802 225811 213940 230332 162480 78863 9624 2864 498 15 0 0 0 0 0 0 0 0 
0 326215 242019 223543 206733 225489 166575 86104 4862 878 33 0 0 0 0 0 0 0 0 0 
0 342080 253571 243671 229542 244155 184249 111798 10506 4010 906 48 0 0 0 0 0 0 0 0 
0 361144 265707 253989 237209 248878 170580 79573 5863 1140 347 97 9 0 0 0 0 0 0 0 
0 357804 261850 241794 227521 246618 182225 99722 5596 1111 254 40 0 0 0 0 0 0 0 0 
0 352513 256740 239123 227106 247192 190660 105312 4815 893 177 4 0 0 0 0 0 0 0 0 
0 462077 347957 337551 322449 345070 264796 167423 22909 8698 2673 637 132 10 0 0 0 0 0 0 
0 463232 353420 338330 320466 343599 267932 170547 19299 4832 663 57 5 0 0 0 0 0 0 0 
0 463790 350266 331326 314659 335802 258671 181900 26917 11851 4499 1863 740 98 0 0 0 0 0 0 
0 486170 360947 335230 313275 330347 260711 179163 13686 2554 296 2 0 0 0 0 0 0 0 0 
0 472404 352759 338700 323837 350639 269883 188598 19942 6617 1885 348 32 0 0 0 0 0 0 0 
0 481448 361463 345633 320777 329380 254064 185410 30122 11722 3795 1361 455 14 0 0 0 0 0 0 
0 476187 358822 334344 316759 342693 260520 185094 30923 13208 4645 1809 636 4 0 0 0 0 0 0 
0 489255 360500 332493 314241 338984 264109 197313 20023 6425 1940 346 14 0 0 0 0 0 0 0 
0 479248 351964 349266 330696 344851 269160 195272 29488 10039 1858 167 1 0 0 0 0 0 0 0 
0 495207 358866 344859 328650 354595 272721 189717 14168 2884 334 9 0 0 0 0 0 0 0 0 
0 485611 361231 338850 319344 344825 276128 204525 21671 7399 2054 342 29 0 0 0 0 0 0 0 
0 496498 362576 339556 321540 344745 270318 201381 18450 5636 1022 259 28 0 0 0 0 0 0 0 
0 478416 350965 346300 327349 344577 268296 194312 30099 11704 2437 456 29 0 0 0 0 0 0 0 
0 488035 355800 341980 325070 351109 271827 194176 18617 5875 1794 562 95 0 0 0 0 0 0 0 
0 483617 357663 336779 317520 344095 274988 210263 20599 7383 1863 169 1 0 0 0 0 0 0 0 
0 492073 362205 334917 315217 340279 267892 211750 23363 6295 747 177 24 0 0 0 0 0 0 0 
0 448192 335157 325256 310267 338056 259710 163012 25640 8465 2233 521 59 0 0 0 0 0 0 0 
0 459509 350076 333555 310798 334233 248940 142117 26959 8157 1829 357 37 0 0 0 0 0 0 0 
0 443371 337431 327575 313977 345797 262326 144945 26332 9938 3376 1110 308 77 4 0 0 0 0 0 
0 489881 356145 329496 308674 333861 251433 127568 14546 4321 615 27 0 0 0 0 0 0 0 0 
0 486192 357261 342062 318075 338788 260179 169953 26843 10393 3337 1268 505 106 2 0 0 0 0 0 
0 495474 364048 332832 306070 323584 248870 176053 39257 17953 7185 2965 646 26 0 0 0 0 0 0 
0 477668 358746 332146 307242 329496 251984 179996 44363 20162 8023 3463 1284 364 26 0 0 0 0 0 
0 498197 357573 338903 321891 349874 261284 157983 20199 6671 1813 513 62 0 0 0 0 0 0 0 
0 586899 424535 400185 370779 390384 296495 207130 38070 14393 4572 1467 403 22 0 0 0 0 0 0 
0 591626 436247 391985 357502 379735 291101 207913 46775 21348 8093 2501 448 60 0 0 0 0 0 0 
0 562843 422740 399100 369340 391788 298823 211906 49365 20906 6592 1698 233 0 0 0 0 0 0 0 
0 606546 424933 397996 377402 406897 310821 192249 14343 3337 724 85 0 0 0 0 0 0 0 0 
0 200298 150242 147274 139499 148815 109867 68842 5979 917 62 0 0 0 0 0 0 0 0 0 
0 214263 156254 153058 145258 151729 103055 44761 2716 608 89 4 0 0 0 0 0 0 0 0 
0 211803 156671 149221 139154 147671 106884 54921 4529 835 101 4 0 0 0 0 0 0 0 0 
0 206743 154241 149630 140888 148830 106772 56623 6020 1745 286 16 0 0 0 0 0 0 0 0 
0 276930 204836 200478 190019 205711 154201 90148 11744 4154 1156 159 2 0 0 0 0 0 0 0 
0 271359 205816 204533 194995 210001 154504 80728 12290 4236 938 137 1 0 0 0 0 0 0 0 
0 302240 222773 204172 185201 197310 146031 74057 6605 1003 138 8 0 0 0 0 0 0 0 0 
0 284935 212167 198056 184026 201258 153572 86550 12712 4188 1428 566 79 0 0 0 0 0 0 0 
0 233854 173422 167314 157856 169208 130392 82350 9284 3056 974 404 44 0 0 0 0 0 0 0 
0 246459 184305 176329 164637 176198 121234 51755 5225 1682 321 12 0 0 0 0 0 0 0 0 
0 247338 182125 170707 159143 171397 128552 65106 3540 239 10 0 0 0 0 0 0 0 0 0 
0 252991 185202 168644 154356 166277 120013 66794 10474 2913 468 25 0 0 0 0 0 0 0 0 
0 321344 235793 231570 216449 227363 170317 102236 9551 2354 643 146 4 0 0 0 0 0 0 0 
0 322233 236131 231198 220467 231187 172500 93959 7838 1826 346 83 1 0 0 0 0 0 0 0 
0 324642 239712 226115 211609 228872 175467 94984 10740 4091 1366 171 0 0 0 0 0 0 0 0 
0 315603 230240 224367 214310 230631 177291 106846 12503 4263 1401 290 23 0 0 0 0 0 0 0 
0 338507 248965 240266 225754 239108 176307 107893 9217 3508 1979 1237 784 474 116 0 0 0 0 0 
0 331534 244603 233975 223595 242251 186991 117873 9723 2933 586 51 0 0 0 0 0 0 0 0 
0 339099 248794 231811 216333 234345 184792 120976 12319 3987 1121 446 90 2 0 0 0 0 0 0 
0 326729 239140 232093 223606 243227 188981 123649 12074 3891 656 68 0 0 0 0 0 0 0 0 
0 222695 161560 155839 148100 156142 114801 73108 5754 1525 282 23 0 0 0 0 0 0 0 0 
0 223612 167447 162281 153829 162560 110357 52524 5469 1448 251 49 1 0 0 0 0 0 0 0 
0 237821 176569 162436 149123 157083 109213 44277 2757 506 43 0 0 0 0 0 0 0 0 0 
0 232802 167778 155386 145977 158975 119893 56381 2306 311 19 0 0 0 0 0 0 0 0 0 
0 235538 175282 169836 160724 173350 131263 84487 9068 2329 362 9 0 0 0 0 0 0 0 0 
0 244303 180312 174181 164251 174426 128303 69074 5762 1320 285 31 0 0 0 0 0 0 0 0 
0 249206 181998 169729 160032 173176 135359 71245 1503 0 0 0 0 0 0 0 0 0 0 0 
0 245107 176778 167399 159458 172481 135340 82639 2938 107 0 0 0 0 0 0 0 0 0 0 
0 497158 366125 352515 331837 355087 278516 198853 36111 16348 5630 1874 531 53 0 0 0 0 0 0 
0 455338 349863 348281 335203 365299 283323 205821 56291 27200 9693 3351 872 99 3 0 0 0 0 0 
0 470477 361175 353847 343906 378231 291764 192874 32882 11802 3170 495 14 0 0 0 0 0 0 0 
0 493632 374920 362473 344733 372429 284693 175936 21703 7895 1913 277 33 0 0 0 0 0 0 0 
0 494073 358969 352770 333625 355357 274116 194996 27753 8656 1912 414 22 0 0 0 0 0 0 0 
0 466337 358688 352060 334160 363407 277021 191525 40560 14952 3316 596 40 0 0 0 0 0 0 0 
0 478864 370874 351232 330072 358288 275004 185053 32902 14007 4593 1443 302 28 0 0 0 0 0 0 
0 488318 358991 347115 331780 361388 282758 195321 23770 9709 2822 640 50 0 0 0 0 0 0 0 
0 493260 375576 370587 351690 378807 289394 196533 41542 15435 4201 1114 84 0 0 0 0 0 0 0 
0 491753 368935 364889 347549 377334 294771 208934 41096 15536 5044 1868 487 26 0 0 0 0 0 0 
0 492297 372365 362381 343213 372365 290558 210620 43629 19415 6988 3303 954 134 0 0 0 0 0 0 
0 498005 377365 365240 348270 375606 292793 193774 38321 19468 7218 2020 141 0 0 0 0 0 0 0 
0 573890 432644 417161 392009 419214 323881 244622 58342 25175 9224 3487 1108 237 7 0 0 0 0 0 
0 573879 432862 412667 387706 413344 321996 257078 63701 26372 8187 2637 521 51 0 0 0 0 0 0 
0 568487 425343 405071 377047 399523 316592 254513 74746 44178 20656 10180 3847 791 27 0 0 0 0 0 
0 585838 436058 418868 391801 412147 321881 244622 50000 22990 9448 4982 2016 343 6 0 0 0 0 0 
0 585958 429020 406018 379081 402799 304371 224648 25817 7316 2369 1300 258 0 0 0 0 0 0 0 
0 600111 441563 408119 366984 384652 290257 214536 38909 15507 5778 1993 494 51 0 0 0 0 0 0 
0 640786 470199 416107 363280 369172 273186 188989 29848 11660 4211 1290 214 12 0 0 0 0 0 0 
0 622833 450670 402404 367254 390497 300739 215493 16885 2090 88 0 0 0 0 0 0 0 0 0 
0 553690 399132 387855 361864 374738 289825 220056 25501 9431 3533 1499 436 61 0 0 0 0 0 0 
0 565873 423623 386915 344398 358479 273377 205356 39967 18022 7549 3180 834 48 0 0 0 0 0 0 
0 555489 410085 387766 354127 365950 279926 204137 40360 17627 7474 3743 826 109 1 0 0 0 0 0 
0 599080 436864 394870 346406 357520 273522 187357 23688 6163 1549 526 75 0 0 0 0 0 0 0 
0 463105 335527 327570 313763 338417 269583 212762 30122 11812 3844 1166 287 0 0 0 0 0 0 0 
0 498834 369139 336075 307416 324936 253512 185830 23043 6828 1510 549 239 46 0 0 0 0 0 0 
0 488711 364112 338795 310998 333569 261590 174991 26015 7234 1547 365 30 0 0 0 0 0 0 0 
0 498579 360619 337929 316822 340426 260361 167218 19245 5525 995 200 38 0 0 0 0 0 0 0 
0 469661 337290 328321 314422 336498 265233 208755 22938 7653 2096 600 73 0 0 0 0 0 0 0 
0 493070 365286 333073 304036 320850 245490 188599 27815 10697 3568 961 94 0 0 0 0 0 0 0 
0 498055 363609 331608 300871 317794 249918 177059 33679 13950 4617 1524 635 207 13 0 0 0 0 0 
0 482290 352482 333200 310734 333321 258860 176798 29609 11625 3413 953 239 15 0 0 0 0 0 0 
0 473672 352134 334701 308458 326637 246202 148967 16659 5784 1904 653 87 0 0 0 0 0 0 0 
0 430385 334410 327686 308741 330456 251041 167490 41238 17268 5328 1528 260 27 0 0 0 0 0 0 
0 459962 349372 330647 308578 332923 252877 148974 21615 7837 2526 517 29 0 0 0 0 0 0 0 
0 481955 353677 327853 308390 337006 259257 139453 6823 1278 164 1 0 0 0 0 0 0 0 0 
0 412634 308970 296066 271588 285313 215092 133240 19244 7261 2018 622 52 0 0 0 0 0 0 0 
0 407680 311125 293218 270642 288864 217237 131758 22242 7171 1619 489 54 0 0 0 0 0 0 0 
0 405792 313657 296561 275191 296746 224828 122050 14282 2784 208 0 0 0 0 0 0 0 0 0 
0 416266 307703 288085 273325 300465 226443 121336 12881 4296 1095 175 28 0 0 0 0 0 0 0 
0 433686 316694 309918 297116 317444 250637 188729 30744 12766 4398 1379 185 17 0 0 0 0 0 0 
0 457735 337892 315845 295439 317188 251719 171259 13173 2663 629 168 2 0 0 0 0 0 0 0 
0 465741 337352 309286 287313 305905 242249 166006 25280 14248 6497 2844 898 93 0 0 0 0 0 0 
0 455355 331656 311941 295619 320493 253330 169964 16528 5845 2188 639 152 1 0 0 0 0 0 0 
0 433934 315253 307349 294209 315943 248814 178738 22443 8562 2703 700 49 1 0 0 0 0 0 0 
0 452649 330972 308214 289860 312338 248226 169773 11812 3492 1140 220 2 0 0 0 0 0 0 0 
0 454995 328167 304993 284035 303528 241799 174286 20829 9626 4340 1588 492 20 0 0 0 0 0 0 
0 433428 321723 303773 288043 314278 250439 183668 21728 8065 2809 676 67 0 0 0 0 0 0 0 
0 506961 372604 368060 351092 375471 296438 215399 35619 14319 4046 604 74 0 0 0 0 0 0 0 
0 544398 394837 372957 348621 368029 288295 205449 14787 2884 395 35 0 0 0 0 0 0 0 0 
0 540565 386990 370535 347079 364626 290099 211931 19867 6673 1846 469 7 0 0 0 0 0 0 0 
0 521459 383420 365856 348585 377229 298508 211462 21682 8582 2692 1036 175 0 0 0 0 0 0 0 
0 654790 483752 472602 448881 470638 333382 214667 29817 9746 2043 396 64 0 0 0 0 0 0 0 
0 672415 490765 460466 433021 458176 334079 225435 28747 11815 4532 1236 90 0 0 0 0 0 0 0 
0 663238 492589 462723 436843 465955 352556 231241 13656 1906 70 0 0 0 0 0 0 0 0 0 
0 651797 479428 450887 429355 460807 350069 247094 30059 14062 5380 1584 252 3 0 0 0 0 0 0 
0 434371 327969 313496 283085 293814 219136 157198 27513 10006 3561 2032 884 147 3 0 0 0 0 0 
0 415363 319884 319225 293804 303788 215432 146291 38594 15292 4195 1215 132 0 0 0 0 0 0 0 
0 426956 321144 310333 285177 300185 224039 150482 33603 14785 5108 1287 116 0 0 0 0 0 0 0 
0 431941 317717 302792 284972 304666 230129 158386 27824 10837 3023 771 150 6 0 0 0 0 0 0 
0 391360 296275 287969 263868 276091 208859 145194 25140 7610 2168 822 122 0 0 0 0 0 0 0 
0 380335 290534 289120 273154 290073 211676 133530 25508 8932 2217 382 16 0 0 0 0 0 0 0 
0 401790 300961 287287 263943 274646 201157 132093 28366 11164 3177 819 74 0 0 0 0 0 0 0 
0 398542 288912 278528 265224 278707 210976 145434 23026 10010 3921 1635 481 81 0 0 0 0 0 0 
0 560108 420315 411733 381388 394083 299640 212280 41218 16190 5504 2154 769 251 47 2 0 0 0 0 
0 571418 441079 408518 367093 379635 280274 197026 53859 28397 12190 4974 1133 85 0 0 0 0 0 0 
0 604024 455994 403229 352195 361089 272996 197205 52553 27322 11829 5350 1677 218 0 0 0 0 0 0 
0 580813 429661 400429 377696 408029 316711 199934 22520 7029 2155 629 73 1 0 0 0 0 0 0 
0 518254 386742 370813 342895 356326 274590 197592 35335 14825 5206 1733 361 140 25 1 0 0 0 0 
0 582188 433447 377387 323678 328191 246117 174161 27198 8851 2618 870 131 0 0 0 0 0 0 0 
0 536021 399177 360106 328395 346569 267282 196075 43931 18440 6043 2042 641 103 12 0 0 0 0 0 
0 516415 382582 366481 348230 373781 282597 188946 30865 10412 3195 1009 290 34 0 0 0 0 0 0 
0 468705 343739 334366 319915 347256 274336 200429 26043 10675 3474 679 31 0 0 0 0 0 0 0 
0 492194 361287 343650 319392 341043 267511 176495 17030 6897 2723 1123 284 18 0 0 0 0 0 0 
0 482817 352026 336586 317871 338089 262685 185433 28007 15311 7376 2800 597 49 0 0 0 0 0 0 
0 495353 366151 338585 317780 341898 263498 181097 18657 5374 1073 179 1 0 0 0 0 0 0 0 
0 411532 302536 288333 274169 293652 223425 150507 16886 4704 665 48 0 0 0 0 0 0 0 0 
0 417912 303016 286928 268030 284940 222164 152934 21629 6791 1511 518 83 0 0 0 0 0 0 0 
0 401510 299365 281185 264993 286747 226149 164673 26638 11409 3232 540 15 0 0 0 0 0 0 0 
0 412691 296806 280419 266337 286200 223933 163100 23581 9348 3169 827 44 0 0 0 0 0 0 0 
0 564695 412178 402191 374477 393952 308125 239180 34492 13460 4768 902 78 0 0 0 0 0 0 0 
0 585663 428792 402989 368930 384772 299339 229373 32136 11420 3193 1185 517 176 13 0 0 0 0 0 
0 543611 419098 391429 373752 411190 311218 236566 37186 16911 5941 1441 147 7 0 0 0 0 0 0 
0 575597 422498 393810 369832 398546 314907 246893 20340 4931 991 151 1 0 0 0 0 0 0 0 
0 594442 430713 412885 383784 402922 314726 245146 29275 7050 1212 106 0 0 0 0 0 0 0 0 
0 622927 455038 417102 367873 381073 292107 231441 33395 13464 5112 2011 607 108 3 0 0 0 0 0 
0 577585 433971 410087 385481 413818 316698 237350 31746 11011 3206 1036 218 51 2 0 0 0 0 0 
0 589236 429587 401683 378809 408528 322840 253038 26028 8522 2792 1065 131 1 0 0 0 0 0 0 
0 652545 482904 462211 418229 421620 320867 241525 35552 10033 1941 230 4 0 0 0 0 0 0 0 
0 630165 485441 468818 422932 427194 316729 233242 41283 15929 4575 1107 203 42 1 0 0 0 0 0 
0 665195 498316 464595 411581 419715 323372 233413 24278 5702 978 320 139 55 1 0 0 0 0 0 
0 660987 481260 445253 407727 429371 330742 247456 27481 10661 4159 1824 566 165 8 0 0 0 0 0 
0 631375 474073 454494 410739 418025 317383 242547 40739 16431 5248 1768 559 141 10 0 0 0 0 0 
0 606569 463827 445800 410347 431330 322676 245877 52713 23153 7769 2728 620 121 2 0 0 0 0 0 
0 636473 470412 445322 401694 417140 325518 244291 40620 19868 8061 3185 835 113 0 0 0 0 0 0 
0 649448 474276 439472 402143 427341 333234 249881 25360 8448 2619 955 320 34 0 0 0 0 0 0 
0 580287 425486 417687 395628 417101 321409 214565 24837 6646 1171 68 1 0 0 0 0 0 0 0 
0 565813 420922 416466 398951 430041 327331 205089 29327 8637 1977 318 13 0 0 0 0 0 0 0 
0 585742 437777 418339 391919 413460 306712 197475 34188 13722 4201 1162 182 6 0 0 0 0 0 0 
0 576188 428435 409029 389022 419811 327233 220038 22532 7996 2980 1264 343 13 0 0 0 0 0 0 
0 631078 469324 465475 447931 480278 374798 253289 37713 12293 2593 677 222 97 0 0 0 0 0 0 
0 646212 478629 464747 445430 479848 370726 243415 32916 10931 2598 307 8 0 0 0 0 0 0 0 
0 646457 486335 459535 429941 461421 358510 258597 46755 18782 6684 2230 488 32 0 0 0 0 0 0 
0 653829 476584 461577 441668 474093 372057 257899 24433 9155 3131 1093 248 0 0 0 0 0 0 0 
0 502842 374099 370187 350440 376974 291108 191950 28426 10084 2536 353 14 0 0 0 0 0 0 0 
0 486632 375645 378702 359301 386986 285904 169175 33521 14038 5624 2380 825 256 24 0 0 0 0 0 
0 504773 384394 375645 353084 380217 283436 170415 30245 12145 3749 841 68 0 0 0 0 0 0 0 
0 538255 397721 375373 350901 379433 289178 159375 7491 1130 145 10 0 0 0 0 0 0 0 0 
0 444320 333229 330391 316842 339156 251513 155675 22087 7435 2267 765 179 1 0 0 0 0 0 0 
0 454272 341744 330729 311060 336804 246578 142122 26468 10067 2881 974 160 0 0 0 0 0 0 0 
0 445227 339776 328749 304311 328748 252887 155425 30553 12804 4076 1076 221 6 0 0 0 0 0 0 
0 457607 341477 323515 305442 335764 257552 155153 17484 6208 2252 1171 233 1 0 0 0 0 0 0 
0 504568 388138 386438 352663 353710 255310 174610 33410 11275 3153 893 48 0 0 0 0 0 0 0 
0 508514 371618 364935 342114 355862 276040 207747 26511 8660 1907 292 15 0 0 0 0 0 0 0 
0 511532 381046 361285 335234 355051 271993 206225 28921 9678 2766 477 7 0 0 0 0 0 0 0 
0 503947 373854 360440 339232 363560 283732 210604 20830 5343 1861 638 171 3 0 0 0 0 0 0 
0 547427 408242 399951 381325 399278 277753 170218 25276 8400 2128 486 30 0 0 0 0 0 0 0 
0 550242 404874 384050 357970 377486 286134 217346 26020 9540 3553 2059 942 293 4 0 0 0 0 0 
0 559038 413001 389739 355258 366624 280512 211200 28055 11364 4062 1436 216 8 0 0 0 0 0 0 
0 540291 394533 384990 366613 386488 297396 218883 22272 6246 1749 655 297 95 4 0 0 0 0 0 
0 477825 348535 330434 311213 333821 260558 185802 21586 5934 1079 241 21 0 0 0 0 0 0 0 
0 479829 352993 330807 309371 327727 255195 190209 23165 6562 1091 100 0 0 0 0 0 0 0 0 
0 477934 351572 330324 312215 333571 256007 184134 22712 7243 1286 51 0 0 0 0 0 0 0 0 
0 478229 350119 332492 312892 333165 257872 189015 17447 4880 876 61 0 0 0 0 0 0 0 0 
0 415043 308359 284580 268025 285524 223758 150867 20228 7009 1334 109 0 0 0 0 0 0 0 0 
0 428105 313158 285334 263178 278556 221484 158153 13382 3264 222 0 0 0 0 0 0 0 0 0 
0 445087 324104 290167 263600 276936 210284 140050 13225 1367 15 0 0 0 0 0 0 0 0 0 
0 437740 317347 284838 262657 278197 216547 152150 11861 2510 702 244 42 0 0 0 0 0 0 0 
0 358633 260716 256346 248508 268928 207758 142884 21619 9003 2653 793 95 0 0 0 0 0 0 0 
0 371739 274437 258213 242556 257536 198894 151008 18307 4737 474 35 0 0 0 0 0 0 0 0 
0 362217 274296 254427 241048 265227 202583 150320 19810 6381 1321 302 4 0 0 0 0 0 0 0 
0 363368 268996 257011 243923 263825 203568 155984 16056 4308 847 49 0 0 0 0 0 0 0 0 
0 704474 530216 505295 458442 475400 368756 272485 41292 15545 5751 2522 872 141 11 0 0 0 0 0 
0 718724 554571 518132 455847 466264 354048 242078 48431 16829 4767 1300 202 8 0 0 0 0 0 0 
0 719793 535558 495018 446947 472029 366386 269759 48768 18170 6147 2189 426 11 0 0 0 0 0 0 
0 728758 532812 492614 454683 485258 376537 268916 31470 8619 1386 148 0 0 0 0 0 0 0 0 
0 709091 532687 483640 431205 443439 336523 250923 35503 10968 2561 530 61 3 0 0 0 0 0 0 
0 736671 560225 486500 417132 424266 318958 228034 42310 15947 5518 1375 196 2 0 0 0 0 0 0 
0 734288 542473 475096 416977 432716 330512 239237 43196 15885 5135 1406 201 11 0 0 0 0 0 0 
0 675874 496161 462086 432046 463217 362669 277144 45316 16503 4540 1308 215 54 0 0 0 0 0 0 
0 437806 319163 312044 297634 320984 255853 188202 24463 9406 3472 1025 93 0 0 0 0 0 0 0 
0 454935 336251 324191 308406 334989 248988 140160 15886 4733 1241 275 88 1 0 0 0 0 0 0 
0 473784 356988 335753 302741 316725 229975 125727 20083 6054 1739 506 69 0 0 0 0 0 0 0 
0 458668 346625 331494 305737 324035 243677 136453 17519 4756 991 177 11 0 0 0 0 0 0 0 
0 474673 342859 331325 317541 341585 272797 200938 20486 6503 1607 410 66 0 0 0 0 0 0 0 
0 475259 358884 347479 321459 338316 253962 173118 30353 9118 2306 523 13 0 0 0 0 0 0 0 
0 483647 368238 345597 315615 335942 250337 163982 28966 11849 4699 1549 354 15 0 0 0 0 0 0 
0 489661 363280 342098 316904 339383 260911 172679 20013 4992 811 57 0 0 0 0 0 0 0 0 
0 283181 206436 203105 191438 197135 64058 14435 4433 808 13 0 0 0 0 0 0 0 0 0 
0 294395 216495 208598 195454 195695 47915 5309 1063 117 0 0 0 0 0 0 0 0 0 0 
0 307486 229098 212306 192159 183171 38243 2569 9 0 0 0 0 0 0 0 0 0 0 0 
0 306398 224721 206159 192185 189799 40912 4052 759 56 0 0 0 0 0 0 0 0 0 0 
0 424371 310575 301371 285172 282274 79906 7725 1315 148 8 0 0 0 0 0 0 0 0 0 
0 450240 331288 294047 267962 278721 67764 2785 58 0 0 0 0 0 0 0 0 0 0 0 
0 443095 315454 290878 275235 282667 78994 5485 837 218 2 0 0 0 0 0 0 0 0 0 
0 441564 317073 282502 267041 276198 105124 3096 262 4 0 0 0 0 0 0 0 0 0 0 
0 409368 301872 289509 270420 276793 80873 16607 4648 1178 119 0 0 0 0 0 0 0 0 0 
0 434383 313952 289404 262097 262942 77528 9528 1426 127 0 0 0 0 0 0 0 0 0 0 
0 424089 315787 282390 257483 269475 82321 15605 3348 804 85 0 0 0 0 0 0 0 0 0 
0 435207 318314 286392 258101 268905 74161 8810 1348 144 4 0 0 0 0 0 0 0 0 0 
0 424632 315751 305705 284059 286898 86802 17190 3557 717 134 22 0 0 0 0 0 0 0 0 
0 451248 329569 294586 266114 273502 89154 15237 4666 1283 106 1 0 0 0 0 0 0 0 0 
0 432785 318419 290001 272386 292318 91346 17494 7240 2908 550 19 0 0 0 0 0 0 0 0 
0 442414 319872 297769 277813 291270 84207 10047 1830 232 12 0 0 0 0 0 0 0 0 0 
0 337131 247937 235823 220710 223488 65960 5446 634 144 11 0 0 0 0 0 0 0 0 0 
0 346169 255318 235833 215935 215649 58156 8137 1743 336 7 0 0 0 0 0 0 0 0 0 
0 354871 257966 236458 218156 220881 45537 3312 102 0 0 0 0 0 0 0 0 0 0 0 
0 350829 259489 238067 221442 216361 44173 5082 1337 441 61 0 0 0 0 0 0 0 0 0 
0 361973 265586 254082 235860 236579 66676 7369 1594 333 50 0 0 0 0 0 0 0 0 0 
0 379561 270606 245510 227104 231355 66676 7747 1429 113 0 0 0 0 0 0 0 0 0 0 
0 370258 269131 251751 238098 244416 54316 1753 284 94 0 0 0 0 0 0 0 0 0 0 
0 374987 271065 251497 235242 239233 54928 2840 297 12 0 0 0 0 0 0 0 0 0 0 
0 441534 319705 309220 297386 316749 98912 6513 1228 269 15 0 0 0 0 0 0 0 0 0 
0 462563 336832 315352 290023 296591 82535 5200 1637 667 128 2 0 0 0 0 0 0 0 0 
0 455351 335037 312170 293198 309223 81705 4167 533 129 17 0 0 0 0 0 0 0 0 0 
0 458101 330253 306226 288017 302646 91072 9816 3522 1583 291 3 0 0 0 0 0 0 0 0 
0 557207 409449 393852 374193 395017 122433 21656 8238 3058 573 91 4 0 0 0 0 0 0 0 
0 570428 427649 397657 361906 377593 116769 23865 7246 2253 363 41 0 0 0 0 0 0 0 0 
0 573267 431418 391362 364308 389293 114132 15763 4446 1617 164 0 0 0 0 0 0 0 0 0 
0 592031 420965 387825 365971 391002 116709 8651 2160 439 17 0 0 0 0 0 0 0 0 0 
0 434094 327675 281955 253977 253024 100826 3741 456 16 0 0 0 0 0 0 0 0 0 0 
0 430669 323235 279619 255075 262121 93514 9297 1990 238 5 0 0 0 0 0 0 0 0 0 
0 435642 329075 281902 257269 265451 84850 1410 162 2 0 0 0 0 0 0 0 0 0 0 
0 444858 328093 279554 253737 258286 88316 2422 421 76 0 0 0 0 0 0 0 0 0 0 
