0 566204 388478 124208 29930 5018 164 0 0 0 0 0 0 0 0 0 0 0 0 0 
0 559485 387177 129258 30659 6923 477 22 0 0 0 0 0 0 0 0 0 0 0 0 
0 568822 392049 120644 26335 5770 375 6 0 0 0 0 0 0 0 0 0 0 0 0 
0 593100 397121 98052 19155 5785 758 29 0 0 0 0 0 0 0 0 0 0 0 0 
0 649735 406689 110018 20695 2895 77 0 0 0 0 0 0 0 0 0 0 0 0 0 
0 604754 410740 131462 34285 7923 899 45 0 0 0 0 0 0 0 0 0 0 0 0 
0 612453 418427 121267 30216 7402 342 1 0 0 0 0 0 0 0 0 0 0 0 0 
0 643506 425023 101515 16429 3552 82 0 0 0 0 0 0 0 0 0 0 0 0 0 
0 358043 238562 60174 11627 1902 168 0 0 0 0 0 0 0 0 0 0 0 0 0 
0 379155 229473 51635 8367 1777 69 0 0 0 0 0 0 0 0 0 0 0 0 0 
0 365987 241358 54323 7658 1126 23 0 0 0 0 0 0 0 0 0 0 0 0 0 
0 366096 242436 50872 9162 1703 190 16 0 0 0 0 0 0 0 0 0 0 0 0 
0 418239 273633 70139 12120 1646 74 0 0 0 0 0 0 0 0 0 0 0 0 0 
0 389401 263474 92802 24886 5079 209 0 0 0 0 0 0 0 0 0 0 0 0 0 
0 409414 279757 71863 11958 2695 163 0 0 0 0 0 0 0 0 0 0 0 0 0 
0 426569 288731 55193 4647 706 4 0 0 0 0 0 0 0 0 0 0 0 0 0 
0 576713 357744 61484 9466 1606 156 0 0 0 0 0 0 0 0 0 0 0 0 0 
0 571509 334198 81634 16771 2675 326 56 0 0 0 0 0 0 0 0 0 0 0 0 
0 574919 333715 79164 15941 3023 381 25 0 0 0 0 0 0 0 0 0 0 0 0 
0 548223 345565 89910 20234 3097 138 1 0 0 0 0 0 0 0 0 0 0 0 0 
0 572995 371885 103772 22728 4569 371 67 0 0 0 0 0 0 0 0 0 0 0 0 
0 554794 364825 123418 29053 4096 200 1 0 0 0 0 0 0 0 0 0 0 0 0 
0 557047 367355 118400 28872 4579 134 0 0 0 0 0 0 0 0 0 0 0 0 0 
0 589464 380468 92979 11982 1410 83 0 0 0 0 0 0 0 0 0 0 0 0 0 
0 497720 279320 48862 6268 799 1 0 0 0 0 0 0 0 0 0 0 0 0 0 
0 471600 282952 66453 10804 1144 16 0 0 0 0 0 0 0 0 0 0 0 0 0 
0 461558 290250 68896 10008 1836 354 66 1 0 0 0 0 0 0 0 0 0 0 0 
0 471429 290308 61254 8384 1538 55 0 0 0 0 0 0 0 0 0 0 0 0 0 
0 468406 301199 62874 9479 1185 7 0 0 0 0 0 0 0 0 0 0 0 0 0 
0 451390 295528 77989 15553 2472 192 25 0 0 0 0 0 0 0 0 0 0 0 0 
0 458295 302280 70461 10456 1595 62 0 0 0 0 0 0 0 0 0 0 0 0 0 
0 468483 295187 66439 10844 2149 47 0 0 0 0 0 0 0 0 0 0 0 0 0 
0 533722 351741 103855 23700 4496 228 3 0 0 0 0 0 0 0 0 0 0 0 0 
0 550101 354637 93333 16898 2561 191 24 0 0 0 0 0 0 0 0 0 0 0 0 
0 552014 364584 84377 14291 2449 29 0 0 0 0 0 0 0 0 0 0 0 0 0 
0 557781 363320 80686 12801 2943 213 0 0 0 0 0 0 0 0 0 0 0 0 0 
0 535610 350142 101286 23807 4101 68 0 0 0 0 0 0 0 0 0 0 0 0 0 
0 523887 353070 112170 22413 3245 224 4 0 0 0 0 0 0 0 0 0 0 0 0 
0 536380 353922 96798 21419 5798 641 55 0 0 0 0 0 0 0 0 0 0 0 0 
0 553410 359733 84629 14357 2667 192 25 0 0 0 0 0 0 0 0 0 0 0 0 
0 299109 186254 31771 3553 378 42 4 0 0 0 0 0 0 0 0 0 0 0 0 
0 307900 178064 30473 3738 800 134 1 0 0 0 0 0 0 0 0 0 0 0 0 
0 297341 188188 33398 2002 181 0 0 0 0 0 0 0 0 0 0 0 0 0 0 
0 290585 185390 38981 5343 806 4 0 0 0 0 0 0 0 0 0 0 0 0 0 
0 308254 195097 26056 3061 629 9 0 0 0 0 0 0 0 0 0 0 0 0 0 
0 307795 188160 33499 3299 352 1 0 0 0 0 0 0 0 0 0 0 0 0 0 
0 290282 195397 41810 4820 778 19 0 0 0 0 0 0 0 0 0 0 0 0 0 
0 303801 191628 34407 2924 343 2 0 0 0 0 0 0 0 0 0 0 0 0 0 
0 438090 272077 58555 7944 985 46 0 0 0 0 0 0 0 0 0 0 0 0 0 
0 430159 267326 67752 11083 1305 71 0 0 0 0 0 0 0 0 0 0 0 0 0 
0 438114 271100 58978 8382 1097 25 0 0 0 0 0 0 0 0 0 0 0 0 0 
0 455205 272797 46173 2951 523 46 0 0 0 0 0 0 0 0 0 0 0 0 0 
0 338164 199791 41613 5459 330 2 0 0 0 0 0 0 0 0 0 0 0 0 0 
0 333471 202090 44411 4816 478 91 2 0 0 0 0 0 0 0 0 0 0 0 0 
0 328207 208129 44999 3659 354 11 0 0 0 0 0 0 0 0 0 0 0 0 0 
0 348230 202810 32460 1744 113 1 0 0 0 0 0 0 0 0 0 0 0 0 0 
0 571244 350461 76887 9982 1652 23 0 0 0 0 0 0 0 0 0 0 0 0 0 
0 579288 351982 67287 9826 1799 67 0 0 0 0 0 0 0 0 0 0 0 0 0 
0 571637 351471 71580 12850 2568 141 1 0 0 0 0 0 0 0 0 0 0 0 0 
0 574743 358545 67851 6962 1852 289 6 0 0 0 0 0 0 0 0 0 0 0 0 
0 583421 370154 77068 14489 3650 172 12 0 0 0 0 0 0 0 0 0 0 0 0 
0 560622 370234 93876 20925 3161 135 13 0 0 0 0 0 0 0 0 0 0 0 0 
0 551560 371634 98824 22650 4057 234 6 0 0 0 0 0 0 0 0 0 0 0 0 
0 597271 377098 66864 6143 1472 117 0 0 0 0 0 0 0 0 0 0 0 0 0 
0 541990 371378 126637 37125 9141 534 6 0 0 0 0 0 0 0 0 0 0 0 0 
0 565301 381657 107177 26317 5895 433 31 0 0 0 0 0 0 0 0 0 0 0 0 
0 563377 393232 106175 20644 3206 174 3 0 0 0 0 0 0 0 0 0 0 0 0 
0 566969 388427 106039 20792 4200 379 4 0 0 0 0 0 0 0 0 0 0 0 0 
0 533570 358660 113360 33079 6871 371 2 0 0 0 0 0 0 0 0 0 0 0 0 
0 550604 364929 105119 20964 3995 288 14 0 0 0 0 0 0 0 0 0 0 0 0 
0 531441 378263 110007 21701 4337 164 0 0 0 0 0 0 0 0 0 0 0 0 0 
0 552152 373559 97512 19034 3474 181 0 0 0 0 0 0 0 0 0 0 0 0 0 
0 381498 248685 60294 17298 4816 510 40 0 0 0 0 0 0 0 0 0 0 0 0 
0 395567 257663 53213 6050 621 27 0 0 0 0 0 0 0 0 0 0 0 0 0 
0 376945 260320 60140 11488 3820 425 3 0 0 0 0 0 0 0 0 0 0 0 0 
0 391394 254367 55386 9606 2210 168 9 0 0 0 0 0 0 0 0 0 0 0 0 
0 350460 229407 51367 14705 4019 133 0 0 0 0 0 0 0 0 0 0 0 0 0 
0 352494 234229 55221 7128 957 61 0 0 0 0 0 0 0 0 0 0 0 0 0 
0 348151 236172 56221 8156 1372 18 0 0 0 0 0 0 0 0 0 0 0 0 0 
0 361011 232826 50071 5511 653 18 0 0 0 0 0 0 0 0 0 0 0 0 0 
0 522073 305074 72742 16860 3428 306 24 0 0 0 0 0 0 0 0 0 0 0 0 
0 482848 314629 95499 23133 4179 219 0 0 0 0 0 0 0 0 0 0 0 0 0 
0 504359 316041 83519 14800 1760 28 0 0 0 0 0 0 0 0 0 0 0 0 0 
0 510077 312283 80665 15198 2197 84 2 0 0 0 0 0 0 0 0 0 0 0 0 
0 420711 265229 58313 10386 1787 87 1 0 0 0 0 0 0 0 0 0 0 0 0 
0 422388 261959 61553 9187 1328 97 2 0 0 0 0 0 0 0 0 0 0 0 0 
0 407685 261762 71124 14168 1750 25 0 0 0 0 0 0 0 0 0 0 0 0 0 
0 431548 269295 51358 4115 197 0 0 0 0 0 0 0 0 0 0 0 0 0 0 
0 440383 292984 67296 9653 1285 36 0 0 0 0 0 0 0 0 0 0 0 0 0 
0 445999 290166 64111 7637 2584 950 188 1 0 0 0 0 0 0 0 0 0 0 0 
0 453011 293852 58923 5021 781 48 0 0 0 0 0 0 0 0 0 0 0 0 0 
0 450480 295125 58690 6144 1184 12 0 0 0 0 0 0 0 0 0 0 0 0 0 
0 470682 310581 66962 8701 1358 39 0 0 0 0 0 0 0 0 0 0 0 0 0 
0 469555 304668 69482 10543 3358 656 60 0 0 0 0 0 0 0 0 0 0 0 0 
0 468956 314047 67141 6187 1831 160 0 0 0 0 0 0 0 0 0 0 0 0 0 
0 477979 317806 57756 3811 845 110 15 0 0 0 0 0 0 0 0 0 0 0 0 
0 454788 295383 82034 18730 3695 502 58 0 0 0 0 0 0 0 0 0 0 0 0 
0 444852 296790 86760 21268 5147 360 12 0 0 0 0 0 0 0 0 0 0 0 0 
0 447355 293771 89962 20361 3563 172 5 0 0 0 0 0 0 0 0 0 0 0 0 
0 475209 301404 66565 10020 1832 152 6 0 0 0 0 0 0 0 0 0 0 0 0 
0 485099 318011 82669 18673 3803 341 22 0 0 0 0 0 0 0 0 0 0 0 0 
0 470084 317216 93275 22656 4957 405 25 0 0 0 0 0 0 0 0 0 0 0 0 
0 453211 312975 106216 29468 6480 262 6 0 0 0 0 0 0 0 0 0 0 0 0 
0 498362 331985 68883 7720 1573 94 0 0 0 0 0 0 0 0 0 0 0 0 0 
0 325241 212962 41948 10303 3353 450 103 3 0 0 0 0 0 0 0 0 0 0 0 
0 326303 208854 46258 10086 2784 77 0 0 0 0 0 0 0 0 0 0 0 0 0 
0 319085 212241 50362 10232 2290 144 8 0 0 0 0 0 0 0 0 0 0 0 0 
0 320192 214159 46856 9750 3203 202 0 0 0 0 0 0 0 0 0 0 0 0 0 
0 384622 252340 54885 7917 1116 25 0 0 0 0 0 0 0 0 0 0 0 0 0 
0 384603 246061 56561 11201 2292 179 7 0 0 0 0 0 0 0 0 0 0 0 0 
0 388163 245028 57040 9343 1277 53 0 0 0 0 0 0 0 0 0 0 0 0 0 
0 396188 243512 52744 7046 1223 175 16 0 0 0 0 0 0 0 0 0 0 0 0 
0 396642 259728 53200 8510 1650 30 0 0 0 0 0 0 0 0 0 0 0 0 0 
0 388691 257979 60806 10107 2088 88 1 0 0 0 0 0 0 0 0 0 0 0 0 
0 392672 255548 62447 8535 557 0 0 0 0 0 0 0 0 0 0 0 0 0 0 
0 400163 255065 55739 7391 1357 44 0 0 0 0 0 0 0 0 0 0 0 0 0 
0 591536 410871 151563 47628 11669 807 21 0 0 0 0 0 0 0 0 0 0 0 0 
0 632103 421433 125494 28888 5884 281 12 0 0 0 0 0 0 0 0 0 0 0 0 
0 640563 418858 120297 28200 6032 145 0 0 0 0 0 0 0 0 0 0 0 0 0 
0 657600 424224 108846 19461 3704 256 3 0 0 0 0 0 0 0 0 0 0 0 0 
0 553053 365321 105996 27145 6675 660 21 0 0 0 0 0 0 0 0 0 0 0 0 
0 564820 365914 103647 20484 3736 267 2 0 0 0 0 0 0 0 0 0 0 0 0 
0 554214 370455 105022 23516 5088 537 38 0 0 0 0 0 0 0 0 0 0 0 0 
0 581763 376068 82873 14477 3535 153 0 0 0 0 0 0 0 0 0 0 0 0 0 
0 418391 248990 41251 3225 208 1 0 0 0 0 0 0 0 0 0 0 0 0 0 
0 394524 246944 58547 10442 1452 152 4 0 0 0 0 0 0 0 0 0 0 0 0 
0 403438 255225 46821 5365 1194 22 0 0 0 0 0 0 0 0 0 0 0 0 0 
0 404417 251162 48461 6633 1296 86 9 0 0 0 0 0 0 0 0 0 0 0 0 
0 335392 188436 27349 3566 398 18 0 0 0 0 0 0 0 0 0 0 0 0 0 
0 313812 196432 37817 5813 1090 178 17 0 0 0 0 0 0 0 0 0 0 0 0 
0 308130 198738 40469 6083 1675 63 0 0 0 0 0 0 0 0 0 0 0 0 0 
0 316214 203863 32167 2392 504 18 0 0 0 0 0 0 0 0 0 0 0 0 0 
0 445893 285477 75305 17518 3629 311 34 0 0 0 0 0 0 0 0 0 0 0 0 
0 436975 272515 91351 21957 4916 418 34 0 0 0 0 0 0 0 0 0 0 0 0 
0 444648 282681 80383 16896 3299 229 30 0 0 0 0 0 0 0 0 0 0 0 0 
0 460707 289637 64540 10986 2134 160 2 0 0 0 0 0 0 0 0 0 0 0 0 
0 557505 363965 96764 22259 5097 516 110 1 0 0 0 0 0 0 0 0 0 0 0 
0 540923 361797 113115 25845 4329 194 14 0 0 0 0 0 0 0 0 0 0 0 0 
0 538786 358577 111660 29483 7208 489 14 0 0 0 0 0 0 0 0 0 0 0 0 
0 569443 369725 90042 13554 3184 250 18 0 0 0 0 0 0 0 0 0 0 0 0 
0 537331 362365 105432 29466 7903 940 113 1 0 0 0 0 0 0 0 0 0 0 0 
0 533803 362863 112797 27260 6401 415 12 0 0 0 0 0 0 0 0 0 0 0 0 
0 543148 366217 105658 23826 4530 159 12 0 0 0 0 0 0 0 0 0 0 0 0 
0 565832 367423 89622 17019 3481 173 0 0 0 0 0 0 0 0 0 0 0 0 0 
0 799373 537939 141485 28300 7214 1229 234 51 0 0 0 0 0 0 0 0 0 0 0 
0 775796 521961 165308 43537 8731 475 17 0 0 0 0 0 0 0 0 0 0 0 0 
0 808307 522781 146601 32183 5689 252 11 0 0 0 0 0 0 0 0 0 0 0 0 
0 814155 549484 128070 19813 3991 293 18 0 0 0 0 0 0 0 0 0 0 0 0 
0 876313 594193 163737 37186 8544 431 2 0 0 0 0 0 0 0 0 0 0 0 0 
0 832234 580337 202997 54143 10199 485 10 0 0 0 0 0 0 0 0 0 0 0 0 
0 860399 592783 178870 41090 6995 267 1 0 0 0 0 0 0 0 0 0 0 0 0 
0 902839 600272 144292 26586 6029 361 26 0 0 0 0 0 0 0 0 0 0 0 0 
0 441270 290544 56641 9040 2445 222 3 0 0 0 0 0 0 0 0 0 0 0 0 
0 456540 282264 53802 6489 970 99 1 0 0 0 0 0 0 0 0 0 0 0 0 
0 448240 280419 61734 8469 1182 116 4 0 0 0 0 0 0 0 0 0 0 0 0 
0 462407 288802 46779 2053 123 0 0 0 0 0 0 0 0 0 0 0 0 0 0 
0 425117 267045 56851 8495 1066 92 1 0 0 0 0 0 0 0 0 0 0 0 0 
0 411645 266367 66650 12081 1838 86 0 0 0 0 0 0 0 0 0 0 0 0 0 
0 419569 272966 58155 7232 742 3 0 0 0 0 0 0 0 0 0 0 0 0 0 
0 426896 276016 50442 4224 1069 19 0 0 0 0 0 0 0 0 0 0 0 0 0 
0 533475 351258 85431 19087 3164 78 0 0 0 0 0 0 0 0 0 0 0 0 0 
0 523857 344950 96729 21899 4596 445 16 0 0 0 0 0 0 0 0 0 0 0 0 
0 515145 349900 103056 21514 2797 80 0 0 0 0 0 0 0 0 0 0 0 0 0 
0 538198 354347 83169 14658 2053 67 0 0 0 0 0 0 0 0 0 0 0 0 0 
0 574441 382641 99053 21551 3944 150 2 0 0 0 0 0 0 0 0 0 0 0 0 
0 534263 371784 129374 36421 8768 1084 88 0 0 0 0 0 0 0 0 0 0 0 0 
0 548148 375235 118417 30246 8384 1236 115 0 0 0 0 0 0 0 0 0 0 0 0 
0 591698 388792 86178 13105 1897 104 7 0 0 0 0 0 0 0 0 0 0 0 0 
0 658190 433206 135177 37517 7219 387 19 0 0 0 0 0 0 0 0 0 0 0 0 
0 618939 422606 168938 49228 11108 856 40 0 0 0 0 0 0 0 0 0 0 0 0 
0 618734 434780 164469 43977 9114 624 17 0 0 0 0 0 0 0 0 0 0 0 0 
0 633080 421916 158703 46950 10507 557 1 0 0 0 0 0 0 0 0 0 0 0 0 
0 615760 406278 125865 35061 5619 209 5 0 0 0 0 0 0 0 0 0 0 0 0 
0 575463 398009 162539 44099 8043 612 31 0 0 0 0 0 0 0 0 0 0 0 0 
0 564223 394510 164263 51521 13001 1250 28 0 0 0 0 0 0 0 0 0 0 0 0 
0 595546 390904 149022 43837 8919 552 15 0 0 0 0 0 0 0 0 0 0 0 0 
0 335724 210251 41364 4907 369 1 0 0 0 0 0 0 0 0 0 0 0 0 0 
0 340829 199237 43685 7867 974 23 0 0 0 0 0 0 0 0 0 0 0 0 0 
0 332338 201952 49754 7790 780 1 0 0 0 0 0 0 0 0 0 0 0 0 0 
0 347578 206492 36078 2275 192 0 0 0 0 0 0 0 0 0 0 0 0 0 0 
0 365891 231318 46951 7540 1326 47 0 0 0 0 0 0 0 0 0 0 0 0 0 
0 351996 225646 62404 11688 1321 18 0 0 0 0 0 0 0 0 0 0 0 0 0 
0 367233 228787 49563 6555 902 32 0 0 0 0 0 0 0 0 0 0 0 0 0 
0 376452 231065 41568 3514 472 1 0 0 0 0 0 0 0 0 0 0 0 0 0 
0 674684 442376 104840 16843 3187 508 73 0 0 0 0 0 0 0 0 0 0 0 0 
0 673345 438713 106760 21037 2581 74 0 0 0 0 0 0 0 0 0 0 0 0 0 
0 660530 438774 115301 23103 4625 177 0 0 0 0 0 0 0 0 0 0 0 0 0 
0 670861 441907 103180 19354 6296 777 134 1 0 0 0 0 0 0 0 0 0 0 0 
0 675789 447185 107674 20235 4659 556 22 0 0 0 0 0 0 0 0 0 0 0 0 
0 644401 434768 133509 36943 6355 142 1 0 0 0 0 0 0 0 0 0 0 0 0 
0 641604 446818 133253 29355 4875 213 1 0 0 0 0 0 0 0 0 0 0 0 0 
0 672934 455326 106201 17399 4075 183 0 0 0 0 0 0 0 0 0 0 0 0 0 
0 539183 321399 110846 33414 7574 934 138 21 0 0 0 0 0 0 0 0 0 0 0 
0 582002 322535 84808 19165 4709 287 2 0 0 0 0 0 0 0 0 0 0 0 0 
0 572446 338479 82047 16404 3725 393 14 0 0 0 0 0 0 0 0 0 0 0 0 
0 584664 343993 71388 11029 2025 332 76 0 0 0 0 0 0 0 0 0 0 0 0 
0 517273 305603 95100 25998 5294 520 67 0 0 0 0 0 0 0 0 0 0 0 0 
0 536688 318678 78479 13621 2286 99 3 0 0 0 0 0 0 0 0 0 0 0 0 
0 537630 317412 75702 15115 3565 412 18 0 0 0 0 0 0 0 0 0 0 0 0 
0 525133 322113 78621 18520 4916 505 46 0 0 0 0 0 0 0 0 0 0 0 0 
0 349169 219264 51045 12587 2547 144 0 0 0 0 0 0 0 0 0 0 0 0 0 
0 367512 208770 47497 9186 1777 14 0 0 0 0 0 0 0 0 0 0 0 0 0 
0 388013 202842 38313 5153 420 15 0 0 0 0 0 0 0 0 0 0 0 0 0 
0 375799 221803 33052 3357 723 21 0 0 0 0 0 0 0 0 0 0 0 0 0 
0 327289 201407 43103 8670 1324 110 3 0 0 0 0 0 0 0 0 0 0 0 0 
0 336054 190901 43559 9142 2089 159 1 0 0 0 0 0 0 0 0 0 0 0 0 
0 354838 188964 33794 4053 256 0 0 0 0 0 0 0 0 0 0 0 0 0 0 
0 345865 202494 30394 2873 272 7 0 0 0 0 0 0 0 0 0 0 0 0 0 
0 521127 299129 56706 7561 674 11 0 0 0 0 0 0 0 0 0 0 0 0 0 
0 485433 300663 77362 17447 4021 278 4 0 0 0 0 0 0 0 0 0 0 0 0 
0 482780 304469 74602 18673 4313 349 22 0 0 0 0 0 0 0 0 0 0 0 0 
0 486474 291702 79700 22072 4802 430 27 0 0 0 0 0 0 0 0 0 0 0 0 
0 469304 284428 54499 10409 1899 49 0 0 0 0 0 0 0 0 0 0 0 0 0 
0 454991 280173 68784 13610 2900 130 0 0 0 0 0 0 0 0 0 0 0 0 0 
0 440593 275089 81038 20506 3290 71 0 0 0 0 0 0 0 0 0 0 0 0 0 
0 443460 275167 77189 19763 4611 389 8 0 0 0 0 0 0 0 0 0 0 0 0 
0 602408 353629 75241 18264 5937 614 20 0 0 0 0 0 0 0 0 0 0 0 0 
0 599614 333021 97436 22363 3462 213 3 0 0 0 0 0 0 0 0 0 0 0 0 
0 566749 337975 112789 31871 6219 471 38 0 0 0 0 0 0 0 0 0 0 0 0 
0 590369 344722 96140 21015 3726 139 1 0 0 0 0 0 0 0 0 0 0 0 0 
0 605948 378605 95754 21785 5728 487 4 0 0 0 0 0 0 0 0 0 0 0 0 
0 593125 373980 111590 25972 3473 170 0 0 0 0 0 0 0 0 0 0 0 0 0 
0 595598 378518 107423 22249 4184 307 31 0 0 0 0 0 0 0 0 0 0 0 0 
0 613526 388648 91310 12953 1707 151 14 0 0 0 0 0 0 0 0 0 0 0 0 
0 282938 147053 22833 3052 340 0 0 0 0 0 0 0 0 0 0 0 0 0 0 
0 286796 142823 23329 2900 361 6 0 0 0 0 0 0 0 0 0 0 0 0 0 
0 295119 129140 26049 5115 780 12 0 0 0 0 0 0 0 0 0 0 0 0 0 
0 296538 137064 20762 1740 110 0 0 0 0 0 0 0 0 0 0 0 0 0 0 
0 301591 151554 24240 3074 317 6 0 0 0 0 0 0 0 0 0 0 0 0 0 
0 292820 142151 37104 7542 1154 11 0 0 0 0 0 0 0 0 0 0 0 0 0 
0 302028 142110 31507 4493 637 7 0 0 0 0 0 0 0 0 0 0 0 0 0 
0 306279 145331 26644 2417 110 0 0 0 0 0 0 0 0 0 0 0 0 0 0 
0 354750 193770 36722 6099 663 1 0 0 0 0 0 0 0 0 0 0 0 0 0 
0 353005 187991 42761 7457 775 15 0 0 0 0 0 0 0 0 0 0 0 0 0 
0 359726 177522 44743 8918 1044 50 1 0 0 0 0 0 0 0 0 0 0 0 0 
0 369010 181444 36158 5059 331 1 0 0 0 0 0 0 0 0 0 0 0 0 0 
0 388393 244871 43261 10282 2408 122 2 0 0 0 0 0 0 0 0 0 0 0 0 
0 403475 233827 44687 6376 919 55 0 0 0 0 0 0 0 0 0 0 0 0 0 
0 406340 229756 46026 6184 942 91 0 0 0 0 0 0 0 0 0 0 0 0 0 
0 414935 228324 40886 4267 883 43 0 0 0 0 0 0 0 0 0 0 0 0 0 
0 388156 226347 44832 8587 1411 64 0 0 0 0 0 0 0 0 0 0 0 0 0 
0 397037 223607 42041 5270 1163 257 22 0 0 0 0 0 0 0 0 0 0 0 0 
0 391653 231441 40817 4584 881 21 0 0 0 0 0 0 0 0 0 0 0 0 0 
0 391737 228541 41309 6192 1589 28 0 0 0 0 0 0 0 0 0 0 0 0 0 
0 327766 197274 32614 4272 719 7 0 0 0 0 0 0 0 0 0 0 0 0 0 
0 332216 182143 39083 7242 1776 191 0 0 0 0 0 0 0 0 0 0 0 0 0 
0 340865 182798 34178 4396 408 6 0 0 0 0 0 0 0 0 0 0 0 0 0 
0 342445 184808 31753 3339 306 0 0 0 0 0 0 0 0 0 0 0 0 0 0 
0 335819 202447 32937 4324 663 5 0 0 0 0 0 0 0 0 0 0 0 0 0 
0 344616 191856 34741 4417 561 4 0 0 0 0 0 0 0 0 0 0 0 0 0 
0 342088 196439 33316 3684 648 20 0 0 0 0 0 0 0 0 0 0 0 0 0 
0 348534 194815 29537 2601 610 81 16 0 0 0 0 0 0 0 0 0 0 0 0 
0 239478 131673 28516 5822 1042 86 1 0 0 0 0 0 0 0 0 0 0 0 0 
0 255663 117145 28550 4733 513 13 0 0 0 0 0 0 0 0 0 0 0 0 0 
0 264824 117870 21629 2142 152 0 0 0 0 0 0 0 0 0 0 0 0 0 0 
0 255416 125477 23329 2264 130 0 0 0 0 0 0 0 0 0 0 0 0 0 0 
0 266248 148258 29813 5732 1289 96 8 0 0 0 0 0 0 0 0 0 0 0 0 
0 290063 131479 26585 3075 237 4 0 0 0 0 0 0 0 0 0 0 0 0 0 
0 289285 141185 19743 1173 57 0 0 0 0 0 0 0 0 0 0 0 0 0 0 
0 284738 146481 19131 921 162 9 0 0 0 0 0 0 0 0 0 0 0 0 0 
0 426484 240965 52768 7941 1234 32 0 0 0 0 0 0 0 0 0 0 0 0 0 
0 422990 243654 55595 6225 942 17 0 0 0 0 0 0 0 0 0 0 0 0 0 
0 403251 249670 64735 9715 1980 72 0 0 0 0 0 0 0 0 0 0 0 0 0 
0 405936 252055 61734 8394 1294 9 0 0 0 0 0 0 0 0 0 0 0 0 0 
0 457816 279570 54646 6202 1134 20 0 0 0 0 0 0 0 0 0 0 0 0 0 
0 436518 268830 77862 13666 2246 266 0 0 0 0 0 0 0 0 0 0 0 0 0 
0 448966 275399 64357 9273 1353 40 0 0 0 0 0 0 0 0 0 0 0 0 0 
0 442510 279350 61818 11460 3743 446 58 2 0 0 0 0 0 0 0 0 0 0 0 
0 441394 270238 66155 14953 3196 232 79 8 0 0 0 0 0 0 0 0 0 0 0 
0 467226 275649 47489 5302 569 20 0 0 0 0 0 0 0 0 0 0 0 0 0 
0 443917 286527 58158 6686 957 10 0 0 0 0 0 0 0 0 0 0 0 0 0 
0 447639 284673 55551 7381 998 12 0 0 0 0 0 0 0 0 0 0 0 0 0 
0 451695 274816 63464 14215 2683 233 70 4 0 0 0 0 0 0 0 0 0 0 0 
0 469463 280063 49679 6764 1191 19 0 0 0 0 0 0 0 0 0 0 0 0 0 
0 448249 296255 56926 5305 443 1 0 0 0 0 0 0 0 0 0 0 0 0 0 
0 440678 290014 63003 11463 1974 46 0 0 0 0 0 0 0 0 0 0 0 0 0 
0 391857 201178 35932 4547 367 0 0 0 0 0 0 0 0 0 0 0 0 0 0 
0 396483 188964 41091 6800 538 5 0 0 0 0 0 0 0 0 0 0 0 0 0 
0 414281 182305 31314 5324 629 27 0 0 0 0 0 0 0 0 0 0 0 0 0 
0 412966 184064 32467 3873 499 11 0 0 0 0 0 0 0 0 0 0 0 0 0 
0 489195 260087 53610 8770 1313 88 2 0 0 0 0 0 0 0 0 0 0 0 0 
0 472764 268445 60758 10058 1016 23 0 0 0 0 0 0 0 0 0 0 0 0 0 
0 457695 271375 67711 14673 1591 19 0 0 0 0 0 0 0 0 0 0 0 0 0 
0 504297 257005 44340 6368 1043 10 0 0 0 0 0 0 0 0 0 0 0 0 0 
0 583132 332367 77281 16810 2445 42 0 0 0 0 0 0 0 0 0 0 0 0 0 
0 565769 341101 85537 17079 2535 55 0 0 0 0 0 0 0 0 0 0 0 0 0 
0 560205 339777 88890 20374 2770 60 0 0 0 0 0 0 0 0 0 0 0 0 0 
0 624419 322856 59358 4678 744 20 0 0 0 0 0 0 0 0 0 0 0 0 0 
0 178428 115608 23375 3894 668 94 0 0 0 0 0 0 0 0 0 0 0 0 0 
0 200061 101902 17383 2334 372 14 0 0 0 0 0 0 0 0 0 0 0 0 0 
0 177901 107010 28878 6243 1760 261 13 0 0 0 0 0 0 0 0 0 0 0 0 
0 180655 108448 25819 6205 899 40 0 0 0 0 0 0 0 0 0 0 0 0 0 
0 273655 163410 33200 4458 444 15 0 0 0 0 0 0 0 0 0 0 0 0 0 
0 276665 160305 33844 3950 414 3 0 0 0 0 0 0 0 0 0 0 0 0 0 
0 265951 159741 41103 7486 899 1 0 0 0 0 0 0 0 0 0 0 0 0 0 
0 276375 162977 32766 2921 142 0 0 0 0 0 0 0 0 0 0 0 0 0 0 
0 262008 162778 33830 5689 463 0 0 0 0 0 0 0 0 0 0 0 0 0 0 
0 273648 150479 33441 5884 1190 121 4 0 0 0 0 0 0 0 0 0 0 0 0 
0 265394 156639 37071 5108 523 32 0 0 0 0 0 0 0 0 0 0 0 0 0 
0 273577 154302 32650 3366 752 107 12 0 0 0 0 0 0 0 0 0 0 0 0 
0 275982 169919 39354 7035 1177 113 9 0 0 0 0 0 0 0 0 0 0 0 0 
0 283668 168434 32328 6422 2168 518 50 0 0 0 0 0 0 0 0 0 0 0 0 
0 284057 171672 34715 2876 263 5 0 0 0 0 0 0 0 0 0 0 0 0 0 
0 285849 173732 30789 2952 266 0 0 0 0 0 0 0 0 0 0 0 0 0 0 
0 310220 193322 42029 7532 1544 54 0 0 0 0 0 0 0 0 0 0 0 0 0 
0 309843 198355 39629 5931 936 6 0 0 0 0 0 0 0 0 0 0 0 0 0 
0 302919 198476 45966 6323 995 21 0 0 0 0 0 0 0 0 0 0 0 0 0 
0 319205 200426 32672 2113 275 9 0 0 0 0 0 0 0 0 0 0 0 0 0 
0 191530 120639 20793 1695 106 0 0 0 0 0 0 0 0 0 0 0 0 0 0 
0 199822 108084 22913 3547 397 0 0 0 0 0 0 0 0 0 0 0 0 0 0 
0 200796 109992 21588 2161 223 3 0 0 0 0 0 0 0 0 0 0 0 0 0 
0 203196 113060 18066 439 1 0 0 0 0 0 0 0 0 0 0 0 0 0 0 
0 218850 136347 28332 4173 451 4 0 0 0 0 0 0 0 0 0 0 0 0 0 
0 219510 130625 30471 5837 1437 266 10 0 0 0 0 0 0 0 0 0 0 0 0 
0 223414 139999 23612 1100 31 0 0 0 0 0 0 0 0 0 0 0 0 0 0 
0 224778 141490 21163 711 14 0 0 0 0 0 0 0 0 0 0 0 0 0 0 
0 467837 312315 77620 17160 4735 313 13 0 0 0 0 0 0 0 0 0 0 0 0 
0 482276 308614 72224 14112 2559 199 8 0 0 0 0 0 0 0 0 0 0 0 0 
0 490443 315538 64266 8572 1146 27 0 0 0 0 0 0 0 0 0 0 0 0 0 
0 499214 310267 61494 7832 1101 79 4 0 0 0 0 0 0 0 0 0 0 0 0 
0 482340 311879 74434 13427 2933 162 2 0 0 0 0 0 0 0 0 0 0 0 0 
0 481540 307415 78921 14816 2423 60 1 0 0 0 0 0 0 0 0 0 0 0 0 
0 477212 316858 79031 11023 1008 44 0 0 0 0 0 0 0 0 0 0 0 0 0 
0 499976 320304 59871 4600 414 11 0 0 0 0 0 0 0 0 0 0 0 0 0 
0 506446 325272 81783 19130 3302 124 3 0 0 0 0 0 0 0 0 0 0 0 0 
0 509083 329039 81408 14409 2050 70 0 0 0 0 0 0 0 0 0 0 0 0 0 
0 496653 330191 87078 18087 3880 170 0 0 0 0 0 0 0 0 0 0 0 0 0 
0 501986 332092 80164 16877 4580 356 3 0 0 0 0 0 0 0 0 0 0 0 0 
0 666208 446219 123816 29034 4771 160 0 0 0 0 0 0 0 0 0 0 0 0 0 
0 647290 446537 133461 34341 8099 470 10 0 0 0 0 0 0 0 0 0 0 0 0 
0 656777 451889 127921 28150 5041 385 44 0 0 0 0 0 0 0 0 0 0 0 0 
0 656029 446559 127750 31265 7877 698 29 0 0 0 0 0 0 0 0 0 0 0 0 
0 642407 422517 99090 16129 2526 141 2 0 0 0 0 0 0 0 0 0 0 0 0 
0 613353 402360 133018 27981 5483 553 63 0 0 0 0 0 0 0 0 0 0 0 0 
0 602816 398192 140269 33597 7222 664 51 0 0 0 0 0 0 0 0 0 0 0 0 
0 630159 414645 112593 20846 4322 243 3 0 0 0 0 0 0 0 0 0 0 0 0 
0 630035 418151 105390 17162 3655 525 12 0 0 0 0 0 0 0 0 0 0 0 0 
0 596082 409745 134109 29622 5112 256 3 0 0 0 0 0 0 0 0 0 0 0 0 
0 614033 405894 127372 23413 3910 291 16 0 0 0 0 0 0 0 0 0 0 0 0 
0 607349 402198 133362 26169 5487 360 3 0 0 0 0 0 0 0 0 0 0 0 0 
0 483672 323035 68105 9350 1075 2 0 0 0 0 0 0 0 0 0 0 0 0 0 
0 459789 316108 87144 18099 3870 225 4 0 0 0 0 0 0 0 0 0 0 0 0 
0 471200 311705 84874 15550 1895 15 0 0 0 0 0 0 0 0 0 0 0 0 0 
0 494912 308860 68125 10675 2380 277 9 0 0 0 0 0 0 0 0 0 0 0 0 
0 510575 342423 74622 11775 2117 179 0 0 0 0 0 0 0 0 0 0 0 0 0 
0 473629 330077 102125 27327 7660 833 40 0 0 0 0 0 0 0 0 0 0 0 0 
0 495584 329310 94712 18708 3234 140 2 0 0 0 0 0 0 0 0 0 0 0 0 
0 513767 330132 81525 14189 2042 35 0 0 0 0 0 0 0 0 0 0 0 0 0 
0 449185 287422 69612 13274 3696 461 172 7 0 0 0 0 0 0 0 0 0 0 0 
0 439729 282550 77713 19557 3986 273 20 0 0 0 0 0 0 0 0 0 0 0 0 
0 455065 287790 68702 11140 1123 8 0 0 0 0 0 0 0 0 0 0 0 0 0 
0 478522 290741 50976 3493 95 0 0 0 0 0 0 0 0 0 0 0 0 0 0 
0 394473 251107 63501 12286 2186 182 0 0 0 0 0 0 0 0 0 0 0 0 0 
0 388015 248476 69482 14875 2707 174 6 0 0 0 0 0 0 0 0 0 0 0 0 
0 398447 251186 62813 10201 1067 20 0 0 0 0 0 0 0 0 0 0 0 0 0 
0 420707 250300 47486 4594 618 29 0 0 0 0 0 0 0 0 0 0 0 0 0 
0 445390 294252 65796 13753 3513 189 4 0 0 0 0 0 0 0 0 0 0 0 0 
0 443006 299650 68509 9525 1970 227 9 0 0 0 0 0 0 0 0 0 0 0 0 
0 444908 292248 70356 12720 2595 69 0 0 0 0 0 0 0 0 0 0 0 0 0 
0 462144 295137 58480 5950 1062 123 0 0 0 0 0 0 0 0 0 0 0 0 0 
0 425899 279172 60043 10271 2366 76 0 0 0 0 0 0 0 0 0 0 0 0 0 
0 425544 283481 60434 7357 1003 7 0 0 0 0 0 0 0 0 0 0 0 0 0 
0 416679 279389 67855 10881 2653 365 4 0 0 0 0 0 0 0 0 0 0 0 0 
0 422072 288028 59967 6610 1141 7 0 0 0 0 0 0 0 0 0 0 0 0 0 
0 504708 333012 82306 18019 5221 577 50 0 0 0 0 0 0 0 0 0 0 0 0 
0 507965 339319 79113 12598 3857 890 151 0 0 0 0 0 0 0 0 0 0 0 0 
0 507188 335477 81848 15785 3436 158 0 0 0 0 0 0 0 0 0 0 0 0 0 
0 521094 347129 67802 6956 911 0 0 0 0 0 0 0 0 0 0 0 0 0 0 
0 637523 376284 82478 17913 5226 525 25 0 0 0 0 0 0 0 0 0 0 0 0 
0 628647 392582 83072 11295 3540 750 88 0 0 0 0 0 0 0 0 0 0 0 0 
0 616770 406081 84161 10257 2465 229 10 0 0 0 0 0 0 0 0 0 0 0 0 
0 631595 409092 73340 4522 1315 109 0 0 0 0 0 0 0 0 0 0 0 0 0 
0 457320 303167 90839 19669 3836 361 101 0 0 0 0 0 0 0 0 0 0 0 0 
0 456409 284228 103292 26835 4285 239 4 0 0 0 0 0 0 0 0 0 0 0 0 
0 468195 294667 89274 20237 2857 62 0 0 0 0 0 0 0 0 0 0 0 0 0 
0 485911 301364 70382 14442 3052 138 3 0 0 0 0 0 0 0 0 0 0 0 0 
0 401661 259383 77790 17795 3065 245 36 0 0 0 0 0 0 0 0 0 0 0 0 
0 417733 254685 69984 14997 2462 114 0 0 0 0 0 0 0 0 0 0 0 0 0 
0 400328 250912 80644 22039 5554 479 19 0 0 0 0 0 0 0 0 0 0 0 0 
0 421310 264032 60511 11987 2085 49 0 0 0 0 0 0 0 0 0 0 0 0 0 
0 605767 405695 125191 36065 7520 357 24 0 0 0 0 0 0 0 0 0 0 0 0 
0 601203 401118 133431 37049 7469 341 7 0 0 0 0 0 0 0 0 0 0 0 0 
0 588576 404145 139997 39452 8081 361 6 0 0 0 0 0 0 0 0 0 0 0 0 
0 646987 415244 96810 17170 4002 404 1 0 0 0 0 0 0 0 0 0 0 0 0 
0 569506 385024 112154 29950 5842 385 11 0 0 0 0 0 0 0 0 0 0 0 0 
0 545198 373667 137238 37737 8361 545 123 3 0 0 0 0 0 0 0 0 0 0 0 
0 567546 382406 118181 28836 5514 383 6 0 0 0 0 0 0 0 0 0 0 0 0 
0 600451 380533 95948 21335 4429 169 6 0 0 0 0 0 0 0 0 0 0 0 0 
0 462914 310532 63638 10761 2669 397 5 0 0 0 0 0 0 0 0 0 0 0 0 
0 462560 303493 71421 10910 2288 239 5 0 0 0 0 0 0 0 0 0 0 0 0 
0 461880 301986 70818 13302 2778 151 0 0 0 0 0 0 0 0 0 0 0 0 0 
0 459806 303184 71235 13304 3137 248 1 0 0 0 0 0 0 0 0 0 0 0 0 
0 403920 260002 49062 7666 1200 14 0 0 0 0 0 0 0 0 0 0 0 0 0 
0 397487 255770 59335 8175 1088 8 0 0 0 0 0 0 0 0 0 0 0 0 0 
0 386963 264397 59816 8971 1682 34 0 0 0 0 0 0 0 0 0 0 0 0 0 
0 395040 259560 56404 9161 1684 13 0 0 0 0 0 0 0 0 0 0 0 0 0 
0 571255 382531 104994 24530 5048 377 23 0 0 0 0 0 0 0 0 0 0 0 0 
0 562583 379203 115104 25745 5698 414 10 0 0 0 0 0 0 0 0 0 0 0 0 
0 575356 397512 97960 13576 4056 296 1 0 0 0 0 0 0 0 0 0 0 0 0 
0 581381 399675 93422 12468 1729 82 0 0 0 0 0 0 0 0 0 0 0 0 0 
0 621048 413086 114803 26886 6200 511 34 0 0 0 0 0 0 0 0 0 0 0 0 
0 592335 408580 138800 34015 7981 829 28 0 0 0 0 0 0 0 0 0 0 0 0 
0 624430 425392 113273 17000 2439 34 0 0 0 0 0 0 0 0 0 0 0 0 0 
0 646362 433065 96147 6405 588 0 0 0 0 0 0 0 0 0 0 0 0 0 0 
0 665680 460767 168184 58367 16624 1535 66 0 0 0 0 0 0 0 0 0 0 0 0 
0 644131 456322 182834 66551 19431 1918 36 0 0 0 0 0 0 0 0 0 0 0 0 
0 663723 466598 174395 51443 13438 1488 137 0 0 0 0 0 0 0 0 0 0 0 0 
0 723468 482341 130315 27911 6780 399 8 0 0 0 0 0 0 0 0 0 0 0 0 
0 653820 454996 157878 47213 11145 1073 97 2 0 0 0 0 0 0 0 0 0 0 0 
0 654356 453473 156893 48291 12459 742 9 0 0 0 0 0 0 0 0 0 0 0 0 
0 666341 457427 150213 39927 10984 1280 51 0 0 0 0 0 0 0 0 0 0 0 0 
0 700959 470576 124989 23590 5623 482 3 0 0 0 0 0 0 0 0 0 0 0 0 
0 566805 360082 87689 13827 2171 31 0 0 0 0 0 0 0 0 0 0 0 0 0 
0 573571 355118 86569 12809 2222 273 42 0 0 0 0 0 0 0 0 0 0 0 0 
0 541520 352599 102932 24836 7672 983 62 0 0 0 0 0 0 0 0 0 0 0 0 
0 560519 372809 84892 10613 1730 41 0 0 0 0 0 0 0 0 0 0 0 0 0 
0 632269 399927 86805 17333 3056 156 1 0 0 0 0 0 0 0 0 0 0 0 0 
0 632002 401839 89251 14584 1789 81 1 0 0 0 0 0 0 0 0 0 0 0 0 
0 603834 406235 105495 20129 3702 146 6 0 0 0 0 0 0 0 0 0 0 0 0 
0 633039 412703 81657 10666 1430 51 0 0 0 0 0 0 0 0 0 0 0 0 0 
0 475672 304107 73182 15308 3524 519 13 0 0 0 0 0 0 0 0 0 0 0 0 
0 484559 291678 77341 16206 2383 157 1 0 0 0 0 0 0 0 0 0 0 0 0 
0 497361 298084 67377 8455 1022 25 0 0 0 0 0 0 0 0 0 0 0 0 0 
0 500522 306588 59912 4618 671 13 0 0 0 0 0 0 0 0 0 0 0 0 0 
0 451755 267738 57709 12798 2141 120 1 0 0 0 0 0 0 0 0 0 0 0 0 
0 440272 267526 70635 12158 1625 46 0 0 0 0 0 0 0 0 0 0 0 0 0 
0 437345 273293 68902 11319 1347 56 0 0 0 0 0 0 0 0 0 0 0 0 0 
0 449675 271717 58994 9719 2091 65 0 0 0 0 0 0 0 0 0 0 0 0 0 
0 495054 327820 121547 40141 7960 515 15 0 0 0 0 0 0 0 0 0 0 0 0 
0 522408 346749 97248 20928 5249 441 29 0 0 0 0 0 0 0 0 0 0 0 0 
0 518818 349896 100751 19222 4140 224 1 0 0 0 0 0 0 0 0 0 0 0 0 
0 531853 361199 87696 11048 1177 78 0 0 0 0 0 0 0 0 0 0 0 0 0 
0 541668 321964 79359 21505 4230 170 1 0 0 0 0 0 0 0 0 0 0 0 0 
0 511804 346194 90863 17551 2453 31 0 0 0 0 0 0 0 0 0 0 0 0 0 
0 497741 342457 104456 20721 3430 91 0 0 0 0 0 0 0 0 0 0 0 0 0 
0 526965 347277 82782 10277 1584 11 0 0 0 0 0 0 0 0 0 0 0 0 0 
0 500817 335269 77650 17182 4995 492 61 0 0 0 0 0 0 0 0 0 0 0 0 
0 492605 335194 87508 17277 3837 44 0 0 0 0 0 0 0 0 0 0 0 0 0 
0 499690 341158 81284 12283 1905 137 8 0 0 0 0 0 0 0 0 0 0 0 0 
0 496089 329907 94273 13598 2518 78 1 0 0 0 0 0 0 0 0 0 0 0 0 
0 399294 261629 52106 8175 2322 455 76 0 0 0 0 0 0 0 0 0 0 0 0 
0 382720 261411 67243 10363 2034 255 30 0 0 0 0 0 0 0 0 0 0 0 0 
0 389464 253753 68824 10956 1050 9 0 0 0 0 0 0 0 0 0 0 0 0 0 
0 398349 259271 55566 8778 1923 161 7 0 0 0 0 0 0 0 0 0 0 0 0 
0 372078 234430 43763 5377 1220 144 37 0 0 0 0 0 0 0 0 0 0 0 0 
0 340649 234171 64362 14364 3368 134 1 0 0 0 0 0 0 0 0 0 0 0 0 
0 353290 241037 54102 7688 930 1 0 0 0 0 0 0 0 0 0 0 0 0 0 
0 355580 238208 53040 8677 1511 32 0 0 0 0 0 0 0 0 0 0 0 0 0 
0 730431 547209 521713 476653 484985 177738 34013 9525 2519 292 41 1 0 0 0 0 0 0 0 
0 740097 571152 534139 469060 455290 160539 41274 10144 2964 446 15 0 0 0 0 0 0 0 0 
0 750597 556501 515457 465278 479452 170015 37139 8555 1801 307 17 0 0 0 0 0 0 0 0 
0 759554 554517 513199 475195 493899 160068 22624 5279 764 20 0 0 0 0 0 0 0 0 0 
0 734358 550527 500009 447622 453766 163322 33971 11320 4784 1255 183 0 0 0 0 0 0 0 0 
0 759796 576873 502642 431331 426756 150295 38477 11060 3214 583 87 3 0 0 0 0 0 0 0 
0 760179 560916 492835 433457 441458 155858 39214 11448 4299 1190 261 1 0 0 0 0 0 0 0 
0 718299 524593 489979 459304 482094 175917 36329 10546 3299 634 118 4 0 0 0 0 0 0 0 
0 451835 328624 319812 304442 320130 106539 14052 2835 558 206 15 0 0 0 0 0 0 0 0 
0 475708 348002 331895 310538 302298 72475 7211 886 35 0 0 0 0 0 0 0 0 0 0 
0 475159 356786 337513 303718 283065 72567 15507 3495 962 236 40 0 0 0 0 0 0 0 0 
0 468163 351344 334749 308442 298492 71937 12696 2686 509 29 0 0 0 0 0 0 0 0 0 
0 486856 351218 339337 324186 342373 112394 12606 2713 675 82 6 0 0 0 0 0 0 0 0 
0 486503 366188 352784 323749 316981 101785 20255 3208 835 150 8 0 0 0 0 0 0 0 0 
0 486953 368360 346772 314489 316151 101108 26752 8367 2805 654 34 0 0 0 0 0 0 0 0 
0 499725 368791 347409 320409 324002 94651 13690 2954 679 120 15 0 0 0 0 0 0 0 0 
