1235 0 0 0 0 0 0 0 0 0 0 0 0 0 0 0 0 0 0 0 
1234 0 0 0 0 0 0 0 0 0 0 0 0 0 0 0 0 0 0 0 
1234 0 0 0 0 0 0 0 0 0 0 0 0 0 0 0 0 0 0 0 
1233 0 0 0 0 0 0 0 0 0 0 0 0 0 0 0 0 0 0 0 
1885 0 0 0 0 0 0 0 0 0 0 0 0 0 0 0 0 0 0 0 
1885 0 0 0 0 0 0 0 0 0 0 0 0 0 0 0 0 0 0 0 
1885 0 0 0 0 0 0 0 0 0 0 0 0 0 0 0 0 0 0 0 
1884 0 0 0 0 0 0 0 0 0 0 0 0 0 0 0 0 0 0 0 
831 0 0 0 0 0 0 0 0 0 0 0 0 0 0 0 0 0 0 0 
830 0 0 0 0 0 0 0 0 0 0 0 0 0 0 0 0 0 0 0 
830 0 0 0 0 0 0 0 0 0 0 0 0 0 0 0 0 0 0 0 
829 0 0 0 0 0 0 0 0 0 0 0 0 0 0 0 0 0 0 0 
851 0 0 0 0 0 0 0 0 0 0 0 0 0 0 0 0 0 0 0 
850 0 0 0 0 0 0 0 0 0 0 0 0 0 0 0 0 0 0 0 
850 0 0 0 0 0 0 0 0 0 0 0 0 0 0 0 0 0 0 0 
849 0 0 0 0 0 0 0 0 0 0 0 0 0 0 0 0 0 0 0 
2969 0 0 0 0 0 0 0 0 0 0 0 0 0 0 0 0 0 0 0 
2969 0 0 0 0 0 0 0 0 0 0 0 0 0 0 0 0 0 0 0 
2969 0 0 0 0 0 0 0 0 0 0 0 0 0 0 0 0 0 0 0 
2968 0 0 0 0 0 0 0 0 0 0 0 0 0 0 0 0 0 0 0 
1561 0 0 0 0 0 0 0 0 0 0 0 0 0 0 0 0 0 0 0 
1560 0 0 0 0 0 0 0 0 0 0 0 0 0 0 0 0 0 0 0 
1560 0 0 0 0 0 0 0 0 0 0 0 0 0 0 0 0 0 0 0 
1559 0 0 0 0 0 0 0 0 0 0 0 0 0 0 0 0 0 0 0 
1600 0 0 0 0 0 0 0 0 0 0 0 0 0 0 0 0 0 0 0 
1600 0 0 0 0 0 0 0 0 0 0 0 0 0 0 0 0 0 0 0 
1599 0 0 0 0 0 0 0 0 0 0 0 0 0 0 0 0 0 0 0 
1599 0 0 0 0 0 0 0 0 0 0 0 0 0 0 0 0 0 0 0 
1137 0 0 0 0 0 0 0 0 0 0 0 0 0 0 0 0 0 0 0 
1137 0 0 0 0 0 0 0 0 0 0 0 0 0 0 0 0 0 0 0 
1137 0 0 0 0 0 0 0 0 0 0 0 0 0 0 0 0 0 0 0 
1136 0 0 0 0 0 0 0 0 0 0 0 0 0 0 0 0 0 0 0 
1439 0 0 0 0 0 0 0 0 0 0 0 0 0 0 0 0 0 0 0 
1438 0 0 0 0 0 0 0 0 0 0 0 0 0 0 0 0 0 0 0 
1438 0 0 0 0 0 0 0 0 0 0 0 0 0 0 0 0 0 0 0 
1438 0 0 0 0 0 0 0 0 0 0 0 0 0 0 0 0 0 0 0 
1505 0 0 0 0 0 0 0 0 0 0 0 0 0 0 0 0 0 0 0 
1505 0 0 0 0 0 0 0 0 0 0 0 0 0 0 0 0 0 0 0 
1505 0 0 0 0 0 0 0 0 0 0 0 0 0 0 0 0 0 0 0 
1504 0 0 0 0 0 0 0 0 0 0 0 0 0 0 0 0 0 0 0 
649 0 0 0 0 0 0 0 0 0 0 0 0 0 0 0 0 0 0 0 
648 0 0 0 0 0 0 0 0 0 0 0 0 0 0 0 0 0 0 0 
648 0 0 0 0 0 0 0 0 0 0 0 0 0 0 0 0 0 0 0 
648 0 0 0 0 0 0 0 0 0 0 0 0 0 0 0 0 0 0 0 
743 0 0 0 0 0 0 0 0 0 0 0 0 0 0 0 0 0 0 0 
742 0 0 0 0 0 0 0 0 0 0 0 0 0 0 0 0 0 0 0 
742 0 0 0 0 0 0 0 0 0 0 0 0 0 0 0 0 0 0 0 
741 0 0 0 0 0 0 0 0 0 0 0 0 0 0 0 0 0 0 0 
1943 0 0 0 0 0 0 0 0 0 0 0 0 0 0 0 0 0 0 0 
1942 0 0 0 0 0 0 0 0 0 0 0 0 0 0 0 0 0 0 0 
1942 0 0 0 0 0 0 0 0 0 0 0 0 0 0 0 0 0 0 0 
1941 0 0 0 0 0 0 0 0 0 0 0 0 0 0 0 0 0 0 0 
1170 0 0 0 0 0 0 0 0 0 0 0 0 0 0 0 0 0 0 0 
1170 0 0 0 0 0 0 0 0 0 0 0 0 0 0 0 0 0 0 0 
1170 0 0 0 0 0 0 0 0 0 0 0 0 0 0 0 0 0 0 0 
1169 0 0 0 0 0 0 0 0 0 0 0 0 0 0 0 0 0 0 0 
1931 0 0 0 0 0 0 0 0 0 0 0 0 0 0 0 0 0 0 0 
1931 0 0 0 0 0 0 0 0 0 0 0 0 0 0 0 0 0 0 0 
1931 0 0 0 0 0 0 0 0 0 0 0 0 0 0 0 0 0 0 0 
1930 0 0 0 0 0 0 0 0 0 0 0 0 0 0 0 0 0 0 0 
1577 0 0 0 0 0 0 0 0 0 0 0 0 0 0 0 0 0 0 0 
1577 0 0 0 0 0 0 0 0 0 0 0 0 0 0 0 0 0 0 0 
1576 0 0 0 0 0 0 0 0 0 0 0 0 0 0 0 0 0 0 0 
1576 0 0 0 0 0 0 0 0 0 0 0 0 0 0 0 0 0 0 0 
4223 0 0 0 0 0 0 0 0 0 0 0 0 0 0 0 0 0 0 0 
4223 0 0 0 0 0 0 0 0 0 0 0 0 0 0 0 0 0 0 0 
4222 0 0 0 0 0 0 0 0 0 0 0 0 0 0 0 0 0 0 0 
4222 0 0 0 0 0 0 0 0 0 0 0 0 0 0 0 0 0 0 0 
2975 0 0 0 0 0 0 0 0 0 0 0 0 0 0 0 0 0 0 0 
2975 0 0 0 0 0 0 0 0 0 0 0 0 0 0 0 0 0 0 0 
2975 0 0 0 0 0 0 0 0 0 0 0 0 0 0 0 0 0 0 0 
2974 0 0 0 0 0 0 0 0 0 0 0 0 0 0 0 0 0 0 0 
879 0 0 0 0 0 0 0 0 0 0 0 0 0 0 0 0 0 0 0 
879 0 0 0 0 0 0 0 0 0 0 0 0 0 0 0 0 0 0 0 
878 0 0 0 0 0 0 0 0 0 0 0 0 0 0 0 0 0 0 0 
878 0 0 0 0 0 0 0 0 0 0 0 0 0 0 0 0 0 0 0 
825 0 0 0 0 0 0 0 0 0 0 0 0 0 0 0 0 0 0 0 
824 0 0 0 0 0 0 0 0 0 0 0 0 0 0 0 0 0 0 0 
824 0 0 0 0 0 0 0 0 0 0 0 0 0 0 0 0 0 0 0 
824 0 0 0 0 0 0 0 0 0 0 0 0 0 0 0 0 0 0 0 
1394 0 0 0 0 0 0 0 0 0 0 0 0 0 0 0 0 0 0 0 
1393 0 0 0 0 0 0 0 0 0 0 0 0 0 0 0 0 0 0 0 
1393 0 0 0 0 0 0 0 0 0 0 0 0 0 0 0 0 0 0 0 
1392 0 0 0 0 0 0 0 0 0 0 0 0 0 0 0 0 0 0 0 
1161 0 0 0 0 0 0 0 0 0 0 0 0 0 0 0 0 0 0 0 
1160 0 0 0 0 0 0 0 0 0 0 0 0 0 0 0 0 0 0 0 
1160 0 0 0 0 0 0 0 0 0 0 0 0 0 0 0 0 0 0 0 
1159 0 0 0 0 0 0 0 0 0 0 0 0 0 0 0 0 0 0 0 
1598 0 0 0 0 0 0 0 0 0 0 0 0 0 0 0 0 0 0 0 
1598 0 0 0 0 0 0 0 0 0 0 0 0 0 0 0 0 0 0 0 
1597 0 0 0 0 0 0 0 0 0 0 0 0 0 0 0 0 0 0 0 
1597 0 0 0 0 0 0 0 0 0 0 0 0 0 0 0 0 0 0 0 
1609 0 0 0 0 0 0 0 0 0 0 0 0 0 0 0 0 0 0 0 
1609 0 0 0 0 0 0 0 0 0 0 0 0 0 0 0 0 0 0 0 
1608 0 0 0 0 0 0 0 0 0 0 0 0 0 0 0 0 0 0 0 
1608 0 0 0 0 0 0 0 0 0 0 0 0 0 0 0 0 0 0 0 
1142 0 0 0 0 0 0 0 0 0 0 0 0 0 0 0 0 0 0 0 
1142 0 0 0 0 0 0 0 0 0 0 0 0 0 0 0 0 0 0 0 
1142 0 0 0 0 0 0 0 0 0 0 0 0 0 0 0 0 0 0 0 
1141 0 0 0 0 0 0 0 0 0 0 0 0 0 0 0 0 0 0 0 
1166 0 0 0 0 0 0 0 0 0 0 0 0 0 0 0 0 0 0 0 
1165 0 0 0 0 0 0 0 0 0 0 0 0 0 0 0 0 0 0 0 
1165 0 0 0 0 0 0 0 0 0 0 0 0 0 0 0 0 0 0 0 
1164 0 0 0 0 0 0 0 0 0 0 0 0 0 0 0 0 0 0 0 
891 0 0 0 0 0 0 0 0 0 0 0 0 0 0 0 0 0 0 0 
890 0 0 0 0 0 0 0 0 0 0 0 0 0 0 0 0 0 0 0 
890 0 0 0 0 0 0 0 0 0 0 0 0 0 0 0 0 0 0 0 
889 0 0 0 0 0 0 0 0 0 0 0 0 0 0 0 0 0 0 0 
848 0 0 0 0 0 0 0 0 0 0 0 0 0 0 0 0 0 0 0 
848 0 0 0 0 0 0 0 0 0 0 0 0 0 0 0 0 0 0 0 
848 0 0 0 0 0 0 0 0 0 0 0 0 0 0 0 0 0 0 0 
847 0 0 0 0 0 0 0 0 0 0 0 0 0 0 0 0 0 0 0 
749 0 0 0 0 0 0 0 0 0 0 0 0 0 0 0 0 0 0 0 
748 0 0 0 0 0 0 0 0 0 0 0 0 0 0 0 0 0 0 0 
748 0 0 0 0 0 0 0 0 0 0 0 0 0 0 0 0 0 0 0 
747 0 0 0 0 0 0 0 0 0 0 0 0 0 0 0 0 0 0 0 
1627 0 0 0 0 0 0 0 0 0 0 0 0 0 0 0 0 0 0 0 
1627 0 0 0 0 0 0 0 0 0 0 0 0 0 0 0 0 0 0 0 
1626 0 0 0 0 0 0 0 0 0 0 0 0 0 0 0 0 0 0 0 
1626 0 0 0 0 0 0 0 0 0 0 0 0 0 0 0 0 0 0 0 
1366 0 0 0 0 0 0 0 0 0 0 0 0 0 0 0 0 0 0 0 
1365 0 0 0 0 0 0 0 0 0 0 0 0 0 0 0 0 0 0 0 
1365 0 0 0 0 0 0 0 0 0 0 0 0 0 0 0 0 0 0 0 
1365 0 0 0 0 0 0 0 0 0 0 0 0 0 0 0 0 0 0 0 
1531 0 0 0 0 0 0 0 0 0 0 0 0 0 0 0 0 0 0 0 
1530 0 0 0 0 0 0 0 0 0 0 0 0 0 0 0 0 0 0 0 
1530 0 0 0 0 0 0 0 0 0 0 0 0 0 0 0 0 0 0 0 
1529 0 0 0 0 0 0 0 0 0 0 0 0 0 0 0 0 0 0 0 
696 0 0 0 0 0 0 0 0 0 0 0 0 0 0 0 0 0 0 0 
695 0 0 0 0 0 0 0 0 0 0 0 0 0 0 0 0 0 0 0 
695 0 0 0 0 0 0 0 0 0 0 0 0 0 0 0 0 0 0 0 
694 0 0 0 0 0 0 0 0 0 0 0 0 0 0 0 0 0 0 0 
1177 0 0 0 0 0 0 0 0 0 0 0 0 0 0 0 0 0 0 0 
1177 0 0 0 0 0 0 0 0 0 0 0 0 0 0 0 0 0 0 0 
1177 0 0 0 0 0 0 0 0 0 0 0 0 0 0 0 0 0 0 0 
1176 0 0 0 0 0 0 0 0 0 0 0 0 0 0 0 0 0 0 0 
1865 0 0 0 0 0 0 0 0 0 0 0 0 0 0 0 0 0 0 0 
1865 0 0 0 0 0 0 0 0 0 0 0 0 0 0 0 0 0 0 0 
1865 0 0 0 0 0 0 0 0 0 0 0 0 0 0 0 0 0 0 0 
1864 0 0 0 0 0 0 0 0 0 0 0 0 0 0 0 0 0 0 0 
1459 0 0 0 0 0 0 0 0 0 0 0 0 0 0 0 0 0 0 0 
1459 0 0 0 0 0 0 0 0 0 0 0 0 0 0 0 0 0 0 0 
1458 0 0 0 0 0 0 0 0 0 0 0 0 0 0 0 0 0 0 0 
1458 0 0 0 0 0 0 0 0 0 0 0 0 0 0 0 0 0 0 0 
1739 0 0 0 0 0 0 0 0 0 0 0 0 0 0 0 0 0 0 0 
1739 0 0 0 0 0 0 0 0 0 0 0 0 0 0 0 0 0 0 0 
1738 0 0 0 0 0 0 0 0 0 0 0 0 0 0 0 0 0 0 0 
1738 0 0 0 0 0 0 0 0 0 0 0 0 0 0 0 0 0 0 0 
2017 0 0 0 0 0 0 0 0 0 0 0 0 0 0 0 0 0 0 0 
2016 0 0 0 0 0 0 0 0 0 0 0 0 0 0 0 0 0 0 0 
2016 0 0 0 0 0 0 0 0 0 0 0 0 0 0 0 0 0 0 0 
2015 0 0 0 0 0 0 0 0 0 0 0 0 0 0 0 0 0 0 0 
964 0 0 0 0 0 0 0 0 0 0 0 0 0 0 0 0 0 0 0 
964 0 0 0 0 0 0 0 0 0 0 0 0 0 0 0 0 0 0 0 
963 0 0 0 0 0 0 0 0 0 0 0 0 0 0 0 0 0 0 0 
963 0 0 0 0 0 0 0 0 0 0 0 0 0 0 0 0 0 0 0 
964 0 0 0 0 0 0 0 0 0 0 0 0 0 0 0 0 0 0 0 
963 0 0 0 0 0 0 0 0 0 0 0 0 0 0 0 0 0 0 0 
963 0 0 0 0 0 0 0 0 0 0 0 0 0 0 0 0 0 0 0 
963 0 0 0 0 0 0 0 0 0 0 0 0 0 0 0 0 0 0 0 
1113 0 0 0 0 0 0 0 0 0 0 0 0 0 0 0 0 0 0 0 
1113 0 0 0 0 0 0 0 0 0 0 0 0 0 0 0 0 0 0 0 
1112 0 0 0 0 0 0 0 0 0 0 0 0 0 0 0 0 0 0 0 
1112 0 0 0 0 0 0 0 0 0 0 0 0 0 0 0 0 0 0 0 
1241 0 0 0 0 0 0 0 0 0 0 0 0 0 0 0 0 0 0 0 
1241 0 0 0 0 0 0 0 0 0 0 0 0 0 0 0 0 0 0 0 
1240 0 0 0 0 0 0 0 0 0 0 0 0 0 0 0 0 0 0 0 
1240 0 0 0 0 0 0 0 0 0 0 0 0 0 0 0 0 0 0 0 
1768 0 0 0 0 0 0 0 0 0 0 0 0 0 0 0 0 0 0 0 
1768 0 0 0 0 0 0 0 0 0 0 0 0 0 0 0 0 0 0 0 
1767 0 0 0 0 0 0 0 0 0 0 0 0 0 0 0 0 0 0 0 
1767 0 0 0 0 0 0 0 0 0 0 0 0 0 0 0 0 0 0 0 
1704 0 0 0 0 0 0 0 0 0 0 0 0 0 0 0 0 0 0 0 
1703 0 0 0 0 0 0 0 0 0 0 0 0 0 0 0 0 0 0 0 
1703 0 0 0 0 0 0 0 0 0 0 0 0 0 0 0 0 0 0 0 
1702 0 0 0 0 0 0 0 0 0 0 0 0 0 0 0 0 0 0 0 
836 0 0 0 0 0 0 0 0 0 0 0 0 0 0 0 0 0 0 0 
836 0 0 0 0 0 0 0 0 0 0 0 0 0 0 0 0 0 0 0 
835 0 0 0 0 0 0 0 0 0 0 0 0 0 0 0 0 0 0 0 
835 0 0 0 0 0 0 0 0 0 0 0 0 0 0 0 0 0 0 0 
1123 0 0 0 0 0 0 0 0 0 0 0 0 0 0 0 0 0 0 0 
1122 0 0 0 0 0 0 0 0 0 0 0 0 0 0 0 0 0 0 0 
1122 0 0 0 0 0 0 0 0 0 0 0 0 0 0 0 0 0 0 0 
1121 0 0 0 0 0 0 0 0 0 0 0 0 0 0 0 0 0 0 0 
1716 0 0 0 0 0 0 0 0 0 0 0 0 0 0 0 0 0 0 0 
1716 0 0 0 0 0 0 0 0 0 0 0 0 0 0 0 0 0 0 0 
1716 0 0 0 0 0 0 0 0 0 0 0 0 0 0 0 0 0 0 0 
1715 0 0 0 0 0 0 0 0 0 0 0 0 0 0 0 0 0 0 0 
1389 0 0 0 0 0 0 0 0 0 0 0 0 0 0 0 0 0 0 0 
1388 0 0 0 0 0 0 0 0 0 0 0 0 0 0 0 0 0 0 0 
1388 0 0 0 0 0 0 0 0 0 0 0 0 0 0 0 0 0 0 0 
1387 0 0 0 0 0 0 0 0 0 0 0 0 0 0 0 0 0 0 0 
1458 0 0 0 0 0 0 0 0 0 0 0 0 0 0 0 0 0 0 0 
1457 0 0 0 0 0 0 0 0 0 0 0 0 0 0 0 0 0 0 0 
1457 0 0 0 0 0 0 0 0 0 0 0 0 0 0 0 0 0 0 0 
1457 0 0 0 0 0 0 0 0 0 0 0 0 0 0 0 0 0 0 0 
1374 0 0 0 0 0 0 0 0 0 0 0 0 0 0 0 0 0 0 0 
1374 0 0 0 0 0 0 0 0 0 0 0 0 0 0 0 0 0 0 0 
1374 0 0 0 0 0 0 0 0 0 0 0 0 0 0 0 0 0 0 0 
1373 0 0 0 0 0 0 0 0 0 0 0 0 0 0 0 0 0 0 0 
803 0 0 0 0 0 0 0 0 0 0 0 0 0 0 0 0 0 0 0 
802 0 0 0 0 0 0 0 0 0 0 0 0 0 0 0 0 0 0 0 
802 0 0 0 0 0 0 0 0 0 0 0 0 0 0 0 0 0 0 0 
802 0 0 0 0 0 0 0 0 0 0 0 0 0 0 0 0 0 0 0 
720 0 0 0 0 0 0 0 0 0 0 0 0 0 0 0 0 0 0 0 
719 0 0 0 0 0 0 0 0 0 0 0 0 0 0 0 0 0 0 0 
719 0 0 0 0 0 0 0 0 0 0 0 0 0 0 0 0 0 0 0 
719 0 0 0 0 0 0 0 0 0 0 0 0 0 0 0 0 0 0 0 
953 0 0 0 0 0 0 0 0 0 0 0 0 0 0 0 0 0 0 0 
953 0 0 0 0 0 0 0 0 0 0 0 0 0 0 0 0 0 0 0 
952 0 0 0 0 0 0 0 0 0 0 0 0 0 0 0 0 0 0 0 
952 0 0 0 0 0 0 0 0 0 0 0 0 0 0 0 0 0 0 0 
947 0 0 0 0 0 0 0 0 0 0 0 0 0 0 0 0 0 0 0 
947 0 0 0 0 0 0 0 0 0 0 0 0 0 0 0 0 0 0 0 
946 0 0 0 0 0 0 0 0 0 0 0 0 0 0 0 0 0 0 0 
946 0 0 0 0 0 0 0 0 0 0 0 0 0 0 0 0 0 0 0 
1483 0 0 0 0 0 0 0 0 0 0 0 0 0 0 0 0 0 0 0 
1483 0 0 0 0 0 0 0 0 0 0 0 0 0 0 0 0 0 0 0 
1482 0 0 0 0 0 0 0 0 0 0 0 0 0 0 0 0 0 0 0 
1482 0 0 0 0 0 0 0 0 0 0 0 0 0 0 0 0 0 0 0 
1892 0 0 0 0 0 0 0 0 0 0 0 0 0 0 0 0 0 0 0 
1891 0 0 0 0 0 0 0 0 0 0 0 0 0 0 0 0 0 0 0 
1891 0 0 0 0 0 0 0 0 0 0 0 0 0 0 0 0 0 0 0 
1891 0 0 0 0 0 0 0 0 0 0 0 0 0 0 0 0 0 0 0 
704 0 0 0 0 0 0 0 0 0 0 0 0 0 0 0 0 0 0 0 
703 0 0 0 0 0 0 0 0 0 0 0 0 0 0 0 0 0 0 0 
703 0 0 0 0 0 0 0 0 0 0 0 0 0 0 0 0 0 0 0 
702 0 0 0 0 0 0 0 0 0 0 0 0 0 0 0 0 0 0 0 
811 0 0 0 0 0 0 0 0 0 0 0 0 0 0 0 0 0 0 0 
811 0 0 0 0 0 0 0 0 0 0 0 0 0 0 0 0 0 0 0 
811 0 0 0 0 0 0 0 0 0 0 0 0 0 0 0 0 0 0 0 
810 0 0 0 0 0 0 0 0 0 0 0 0 0 0 0 0 0 0 0 
877 0 0 0 0 0 0 0 0 0 0 0 0 0 0 0 0 0 0 0 
877 0 0 0 0 0 0 0 0 0 0 0 0 0 0 0 0 0 0 0 
877 0 0 0 0 0 0 0 0 0 0 0 0 0 0 0 0 0 0 0 
876 0 0 0 0 0 0 0 0 0 0 0 0 0 0 0 0 0 0 0 
797 0 0 0 0 0 0 0 0 0 0 0 0 0 0 0 0 0 0 0 
797 0 0 0 0 0 0 0 0 0 0 0 0 0 0 0 0 0 0 0 
797 0 0 0 0 0 0 0 0 0 0 0 0 0 0 0 0 0 0 0 
796 0 0 0 0 0 0 0 0 0 0 0 0 0 0 0 0 0 0 0 
723 0 0 0 0 0 0 0 0 0 0 0 0 0 0 0 0 0 0 0 
723 0 0 0 0 0 0 0 0 0 0 0 0 0 0 0 0 0 0 0 
723 0 0 0 0 0 0 0 0 0 0 0 0 0 0 0 0 0 0 0 
722 0 0 0 0 0 0 0 0 0 0 0 0 0 0 0 0 0 0 0 
762 0 0 0 0 0 0 0 0 0 0 0 0 0 0 0 0 0 0 0 
761 0 0 0 0 0 0 0 0 0 0 0 0 0 0 0 0 0 0 0 
761 0 0 0 0 0 0 0 0 0 0 0 0 0 0 0 0 0 0 0 
761 0 0 0 0 0 0 0 0 0 0 0 0 0 0 0 0 0 0 0 
765 0 0 0 0 0 0 0 0 0 0 0 0 0 0 0 0 0 0 0 
765 0 0 0 0 0 0 0 0 0 0 0 0 0 0 0 0 0 0 0 
765 0 0 0 0 0 0 0 0 0 0 0 0 0 0 0 0 0 0 0 
764 0 0 0 0 0 0 0 0 0 0 0 0 0 0 0 0 0 0 0 
810 0 0 0 0 0 0 0 0 0 0 0 0 0 0 0 0 0 0 0 
810 0 0 0 0 0 0 0 0 0 0 0 0 0 0 0 0 0 0 0 
810 0 0 0 0 0 0 0 0 0 0 0 0 0 0 0 0 0 0 0 
809 0 0 0 0 0 0 0 0 0 0 0 0 0 0 0 0 0 0 0 
807 0 0 0 0 0 0 0 0 0 0 0 0 0 0 0 0 0 0 0 
806 0 0 0 0 0 0 0 0 0 0 0 0 0 0 0 0 0 0 0 
806 0 0 0 0 0 0 0 0 0 0 0 0 0 0 0 0 0 0 0 
805 0 0 0 0 0 0 0 0 0 0 0 0 0 0 0 0 0 0 0 
982 0 0 0 0 0 0 0 0 0 0 0 0 0 0 0 0 0 0 0 
982 0 0 0 0 0 0 0 0 0 0 0 0 0 0 0 0 0 0 0 
981 0 0 0 0 0 0 0 0 0 0 0 0 0 0 0 0 0 0 0 
981 0 0 0 0 0 0 0 0 0 0 0 0 0 0 0 0 0 0 0 
941 0 0 0 0 0 0 0 0 0 0 0 0 0 0 0 0 0 0 0 
940 0 0 0 0 0 0 0 0 0 0 0 0 0 0 0 0 0 0 0 
940 0 0 0 0 0 0 0 0 0 0 0 0 0 0 0 0 0 0 0 
939 0 0 0 0 0 0 0 0 0 0 0 0 0 0 0 0 0 0 0 
785 0 0 0 0 0 0 0 0 0 0 0 0 0 0 0 0 0 0 0 
785 0 0 0 0 0 0 0 0 0 0 0 0 0 0 0 0 0 0 0 
784 0 0 0 0 0 0 0 0 0 0 0 0 0 0 0 0 0 0 0 
784 0 0 0 0 0 0 0 0 0 0 0 0 0 0 0 0 0 0 0 
748 0 0 0 0 0 0 0 0 0 0 0 0 0 0 0 0 0 0 0 
748 0 0 0 0 0 0 0 0 0 0 0 0 0 0 0 0 0 0 0 
747 0 0 0 0 0 0 0 0 0 0 0 0 0 0 0 0 0 0 0 
747 0 0 0 0 0 0 0 0 0 0 0 0 0 0 0 0 0 0 0 
1158 0 0 0 0 0 0 0 0 0 0 0 0 0 0 0 0 0 0 0 
1158 0 0 0 0 0 0 0 0 0 0 0 0 0 0 0 0 0 0 0 
1158 0 0 0 0 0 0 0 0 0 0 0 0 0 0 0 0 0 0 0 
1157 0 0 0 0 0 0 0 0 0 0 0 0 0 0 0 0 0 0 0 
1402 0 0 0 0 0 0 0 0 0 0 0 0 0 0 0 0 0 0 0 
1402 0 0 0 0 0 0 0 0 0 0 0 0 0 0 0 0 0 0 0 
1401 0 0 0 0 0 0 0 0 0 0 0 0 0 0 0 0 0 0 0 
1401 0 0 0 0 0 0 0 0 0 0 0 0 0 0 0 0 0 0 0 
4346 0 0 0 0 0 0 0 0 0 0 0 0 0 0 0 0 0 0 0 
4345 0 0 0 0 0 0 0 0 0 0 0 0 0 0 0 0 0 0 0 
4345 0 0 0 0 0 0 0 0 0 0 0 0 0 0 0 0 0 0 0 
4344 0 0 0 0 0 0 0 0 0 0 0 0 0 0 0 0 0 0 0 
480 0 0 0 0 0 0 0 0 0 0 0 0 0 0 0 0 0 0 0 
479 0 0 0 0 0 0 0 0 0 0 0 0 0 0 0 0 0 0 0 
479 0 0 0 0 0 0 0 0 0 0 0 0 0 0 0 0 0 0 0 
479 0 0 0 0 0 0 0 0 0 0 0 0 0 0 0 0 0 0 0 
773 0 0 0 0 0 0 0 0 0 0 0 0 0 0 0 0 0 0 0 
773 0 0 0 0 0 0 0 0 0 0 0 0 0 0 0 0 0 0 0 
772 0 0 0 0 0 0 0 0 0 0 0 0 0 0 0 0 0 0 0 
772 0 0 0 0 0 0 0 0 0 0 0 0 0 0 0 0 0 0 0 
1071 0 0 0 0 0 0 0 0 0 0 0 0 0 0 0 0 0 0 0 
1070 0 0 0 0 0 0 0 0 0 0 0 0 0 0 0 0 0 0 0 
1070 0 0 0 0 0 0 0 0 0 0 0 0 0 0 0 0 0 0 0 
1069 0 0 0 0 0 0 0 0 0 0 0 0 0 0 0 0 0 0 0 
709 0 0 0 0 0 0 0 0 0 0 0 0 0 0 0 0 0 0 0 
709 0 0 0 0 0 0 0 0 0 0 0 0 0 0 0 0 0 0 0 
709 0 0 0 0 0 0 0 0 0 0 0 0 0 0 0 0 0 0 0 
708 0 0 0 0 0 0 0 0 0 0 0 0 0 0 0 0 0 0 0 
772 0 0 0 0 0 0 0 0 0 0 0 0 0 0 0 0 0 0 0 
772 0 0 0 0 0 0 0 0 0 0 0 0 0 0 0 0 0 0 0 
772 0 0 0 0 0 0 0 0 0 0 0 0 0 0 0 0 0 0 0 
771 0 0 0 0 0 0 0 0 0 0 0 0 0 0 0 0 0 0 0 
574 0 0 0 0 0 0 0 0 0 0 0 0 0 0 0 0 0 0 0 
573 0 0 0 0 0 0 0 0 0 0 0 0 0 0 0 0 0 0 0 
573 0 0 0 0 0 0 0 0 0 0 0 0 0 0 0 0 0 0 0 
573 0 0 0 0 0 0 0 0 0 0 0 0 0 0 0 0 0 0 0 
707 0 0 0 0 0 0 0 0 0 0 0 0 0 0 0 0 0 0 0 
706 0 0 0 0 0 0 0 0 0 0 0 0 0 0 0 0 0 0 0 
706 0 0 0 0 0 0 0 0 0 0 0 0 0 0 0 0 0 0 0 
705 0 0 0 0 0 0 0 0 0 0 0 0 0 0 0 0 0 0 0 
873 0 0 0 0 0 0 0 0 0 0 0 0 0 0 0 0 0 0 0 
873 0 0 0 0 0 0 0 0 0 0 0 0 0 0 0 0 0 0 0 
873 0 0 0 0 0 0 0 0 0 0 0 0 0 0 0 0 0 0 0 
872 0 0 0 0 0 0 0 0 0 0 0 0 0 0 0 0 0 0 0 
1092 0 0 0 0 0 0 0 0 0 0 0 0 0 0 0 0 0 0 0 
1091 0 0 0 0 0 0 0 0 0 0 0 0 0 0 0 0 0 0 0 
1091 0 0 0 0 0 0 0 0 0 0 0 0 0 0 0 0 0 0 0 
1091 0 0 0 0 0 0 0 0 0 0 0 0 0 0 0 0 0 0 0 
1028 0 0 0 0 0 0 0 0 0 0 0 0 0 0 0 0 0 0 0 
1027 0 0 0 0 0 0 0 0 0 0 0 0 0 0 0 0 0 0 0 
1027 0 0 0 0 0 0 0 0 0 0 0 0 0 0 0 0 0 0 0 
1027 0 0 0 0 0 0 0 0 0 0 0 0 0 0 0 0 0 0 0 
1771 0 0 0 0 0 0 0 0 0 0 0 0 0 0 0 0 0 0 0 
1771 0 0 0 0 0 0 0 0 0 0 0 0 0 0 0 0 0 0 0 
1771 0 0 0 0 0 0 0 0 0 0 0 0 0 0 0 0 0 0 0 
1770 0 0 0 0 0 0 0 0 0 0 0 0 0 0 0 0 0 0 0 
2231 0 0 0 0 0 0 0 0 0 0 0 0 0 0 0 0 0 0 0 
2231 0 0 0 0 0 0 0 0 0 0 0 0 0 0 0 0 0 0 0 
2231 0 0 0 0 0 0 0 0 0 0 0 0 0 0 0 0 0 0 0 
2230 0 0 0 0 0 0 0 0 0 0 0 0 0 0 0 0 0 0 0 
2253 0 0 0 0 0 0 0 0 0 0 0 0 0 0 0 0 0 0 0 
2253 0 0 0 0 0 0 0 0 0 0 0 0 0 0 0 0 0 0 0 
2253 0 0 0 0 0 0 0 0 0 0 0 0 0 0 0 0 0 0 0 
2252 0 0 0 0 0 0 0 0 0 0 0 0 0 0 0 0 0 0 0 
1064 0 0 0 0 0 0 0 0 0 0 0 0 0 0 0 0 0 0 0 
1064 0 0 0 0 0 0 0 0 0 0 0 0 0 0 0 0 0 0 0 
1064 0 0 0 0 0 0 0 0 0 0 0 0 0 0 0 0 0 0 0 
1063 0 0 0 0 0 0 0 0 0 0 0 0 0 0 0 0 0 0 0 
1031 0 0 0 0 0 0 0 0 0 0 0 0 0 0 0 0 0 0 0 
1030 0 0 0 0 0 0 0 0 0 0 0 0 0 0 0 0 0 0 0 
1030 0 0 0 0 0 0 0 0 0 0 0 0 0 0 0 0 0 0 0 
1029 0 0 0 0 0 0 0 0 0 0 0 0 0 0 0 0 0 0 0 
1604 0 0 0 0 0 0 0 0 0 0 0 0 0 0 0 0 0 0 0 
1603 0 0 0 0 0 0 0 0 0 0 0 0 0 0 0 0 0 0 0 
1603 0 0 0 0 0 0 0 0 0 0 0 0 0 0 0 0 0 0 0 
1602 0 0 0 0 0 0 0 0 0 0 0 0 0 0 0 0 0 0 0 
1710 0 0 0 0 0 0 0 0 0 0 0 0 0 0 0 0 0 0 0 
1710 0 0 0 0 0 0 0 0 0 0 0 0 0 0 0 0 0 0 0 
1709 0 0 0 0 0 0 0 0 0 0 0 0 0 0 0 0 0 0 0 
1709 0 0 0 0 0 0 0 0 0 0 0 0 0 0 0 0 0 0 0 
866 0 0 0 0 0 0 0 0 0 0 0 0 0 0 0 0 0 0 0 
866 0 0 0 0 0 0 0 0 0 0 0 0 0 0 0 0 0 0 0 
865 0 0 0 0 0 0 0 0 0 0 0 0 0 0 0 0 0 0 0 
865 0 0 0 0 0 0 0 0 0 0 0 0 0 0 0 0 0 0 0 
1125 0 0 0 0 0 0 0 0 0 0 0 0 0 0 0 0 0 0 0 
1124 0 0 0 0 0 0 0 0 0 0 0 0 0 0 0 0 0 0 0 
1124 0 0 0 0 0 0 0 0 0 0 0 0 0 0 0 0 0 0 0 
1124 0 0 0 0 0 0 0 0 0 0 0 0 0 0 0 0 0 0 0 
894 0 0 0 0 0 0 0 0 0 0 0 0 0 0 0 0 0 0 0 
893 0 0 0 0 0 0 0 0 0 0 0 0 0 0 0 0 0 0 0 
893 0 0 0 0 0 0 0 0 0 0 0 0 0 0 0 0 0 0 0 
892 0 0 0 0 0 0 0 0 0 0 0 0 0 0 0 0 0 0 0 
1854 0 0 0 0 0 0 0 0 0 0 0 0 0 0 0 0 0 0 0 
1854 0 0 0 0 0 0 0 0 0 0 0 0 0 0 0 0 0 0 0 
1854 0 0 0 0 0 0 0 0 0 0 0 0 0 0 0 0 0 0 0 
1853 0 0 0 0 0 0 0 0 0 0 0 0 0 0 0 0 0 0 0 
1931 0 0 0 0 0 0 0 0 0 0 0 0 0 0 0 0 0 0 0 
1931 0 0 0 0 0 0 0 0 0 0 0 0 0 0 0 0 0 0 0 
1930 0 0 0 0 0 0 0 0 0 0 0 0 0 0 0 0 0 0 0 
1930 0 0 0 0 0 0 0 0 0 0 0 0 0 0 0 0 0 0 0 
1132 0 0 0 0 0 0 0 0 0 0 0 0 0 0 0 0 0 0 0 
1132 0 0 0 0 0 0 0 0 0 0 0 0 0 0 0 0 0 0 0 
1132 0 0 0 0 0 0 0 0 0 0 0 0 0 0 0 0 0 0 0 
1131 0 0 0 0 0 0 0 0 0 0 0 0 0 0 0 0 0 0 0 
1657 0 0 0 0 0 0 0 0 0 0 0 0 0 0 0 0 0 0 0 
1656 0 0 0 0 0 0 0 0 0 0 0 0 0 0 0 0 0 0 0 
1656 0 0 0 0 0 0 0 0 0 0 0 0 0 0 0 0 0 0 0 
1656 0 0 0 0 0 0 0 0 0 0 0 0 0 0 0 0 0 0 0 
1674 0 0 0 0 0 0 0 0 0 0 0 0 0 0 0 0 0 0 0 
1674 0 0 0 0 0 0 0 0 0 0 0 0 0 0 0 0 0 0 0 
1673 0 0 0 0 0 0 0 0 0 0 0 0 0 0 0 0 0 0 0 
1673 0 0 0 0 0 0 0 0 0 0 0 0 0 0 0 0 0 0 0 
845 0 0 0 0 0 0 0 0 0 0 0 0 0 0 0 0 0 0 0 
844 0 0 0 0 0 0 0 0 0 0 0 0 0 0 0 0 0 0 0 
844 0 0 0 0 0 0 0 0 0 0 0 0 0 0 0 0 0 0 0 
844 0 0 0 0 0 0 0 0 0 0 0 0 0 0 0 0 0 0 0 
843 0 0 0 0 0 0 0 0 0 0 0 0 0 0 0 0 0 0 0 
843 0 0 0 0 0 0 0 0 0 0 0 0 0 0 0 0 0 0 0 
843 0 0 0 0 0 0 0 0 0 0 0 0 0 0 0 0 0 0 0 
842 0 0 0 0 0 0 0 0 0 0 0 0 0 0 0 0 0 0 0 
1519 0 0 0 0 0 0 0 0 0 0 0 0 0 0 0 0 0 0 0 
1518 0 0 0 0 0 0 0 0 0 0 0 0 0 0 0 0 0 0 0 
1518 0 0 0 0 0 0 0 0 0 0 0 0 0 0 0 0 0 0 0 
1517 0 0 0 0 0 0 0 0 0 0 0 0 0 0 0 0 0 0 0 
1544 0 0 0 0 0 0 0 0 0 0 0 0 0 0 0 0 0 0 0 
1543 0 0 0 0 0 0 0 0 0 0 0 0 0 0 0 0 0 0 0 
1543 0 0 0 0 0 0 0 0 0 0 0 0 0 0 0 0 0 0 0 
1542 0 0 0 0 0 0 0 0 0 0 0 0 0 0 0 0 0 0 0 
1421 0 0 0 0 0 0 0 0 0 0 0 0 0 0 0 0 0 0 0 
1420 0 0 0 0 0 0 0 0 0 0 0 0 0 0 0 0 0 0 0 
1420 0 0 0 0 0 0 0 0 0 0 0 0 0 0 0 0 0 0 0 
1419 0 0 0 0 0 0 0 0 0 0 0 0 0 0 0 0 0 0 0 
2449 0 0 0 0 0 0 0 0 0 0 0 0 0 0 0 0 0 0 0 
2449 0 0 0 0 0 0 0 0 0 0 0 0 0 0 0 0 0 0 0 
2449 0 0 0 0 0 0 0 0 0 0 0 0 0 0 0 0 0 0 0 
2448 0 0 0 0 0 0 0 0 0 0 0 0 0 0 0 0 0 0 0 
1437 0 0 0 0 0 0 0 0 0 0 0 0 0 0 0 0 0 0 0 
1436 0 0 0 0 0 0 0 0 0 0 0 0 0 0 0 0 0 0 0 
1436 0 0 0 0 0 0 0 0 0 0 0 0 0 0 0 0 0 0 0 
1436 0 0 0 0 0 0 0 0 0 0 0 0 0 0 0 0 0 0 0 
2983 0 0 0 0 0 0 0 0 0 0 0 0 0 0 0 0 0 0 0 
2983 0 0 0 0 0 0 0 0 0 0 0 0 0 0 0 0 0 0 0 
2982 0 0 0 0 0 0 0 0 0 0 0 0 0 0 0 0 0 0 0 
2982 0 0 0 0 0 0 0 0 0 0 0 0 0 0 0 0 0 0 0 
1120 0 0 0 0 0 0 0 0 0 0 0 0 0 0 0 0 0 0 0 
1120 0 0 0 0 0 0 0 0 0 0 0 0 0 0 0 0 0 0 0 
1119 0 0 0 0 0 0 0 0 0 0 0 0 0 0 0 0 0 0 0 
1119 0 0 0 0 0 0 0 0 0 0 0 0 0 0 0 0 0 0 0 
1247 0 0 0 0 0 0 0 0 0 0 0 0 0 0 0 0 0 0 0 
1246 0 0 0 0 0 0 0 0 0 0 0 0 0 0 0 0 0 0 0 
1246 0 0 0 0 0 0 0 0 0 0 0 0 0 0 0 0 0 0 0 
1246 0 0 0 0 0 0 0 0 0 0 0 0 0 0 0 0 0 0 0 
1866 0 0 0 0 0 0 0 0 0 0 0 0 0 0 0 0 0 0 0 
1865 0 0 0 0 0 0 0 0 0 0 0 0 0 0 0 0 0 0 0 
1865 0 0 0 0 0 0 0 0 0 0 0 0 0 0 0 0 0 0 0 
1864 0 0 0 0 0 0 0 0 0 0 0 0 0 0 0 0 0 0 0 
1255 0 0 0 0 0 0 0 0 0 0 0 0 0 0 0 0 0 0 0 
1254 0 0 0 0 0 0 0 0 0 0 0 0 0 0 0 0 0 0 0 
1254 0 0 0 0 0 0 0 0 0 0 0 0 0 0 0 0 0 0 0 
1254 0 0 0 0 0 0 0 0 0 0 0 0 0 0 0 0 0 0 0 
4203 0 0 0 0 0 0 0 0 0 0 0 0 0 0 0 0 0 0 0 
4202 0 0 0 0 0 0 0 0 0 0 0 0 0 0 0 0 0 0 0 
4202 0 0 0 0 0 0 0 0 0 0 0 0 0 0 0 0 0 0 0 
4201 0 0 0 0 0 0 0 0 0 0 0 0 0 0 0 0 0 0 0 
945 0 0 0 0 0 0 0 0 0 0 0 0 0 0 0 0 0 0 0 
944 0 0 0 0 0 0 0 0 0 0 0 0 0 0 0 0 0 0 0 
944 0 0 0 0 0 0 0 0 0 0 0 0 0 0 0 0 0 0 0 
944 0 0 0 0 0 0 0 0 0 0 0 0 0 0 0 0 0 0 0 
622 0 0 0 0 0 0 0 0 0 0 0 0 0 0 0 0 0 0 0 
622 0 0 0 0 0 0 0 0 0 0 0 0 0 0 0 0 0 0 0 
621 0 0 0 0 0 0 0 0 0 0 0 0 0 0 0 0 0 0 0 
621 0 0 0 0 0 0 0 0 0 0 0 0 0 0 0 0 0 0 0 
1700 0 0 0 0 0 0 0 0 0 0 0 0 0 0 0 0 0 0 0 
1700 0 0 0 0 0 0 0 0 0 0 0 0 0 0 0 0 0 0 0 
1699 0 0 0 0 0 0 0 0 0 0 0 0 0 0 0 0 0 0 0 
1699 0 0 0 0 0 0 0 0 0 0 0 0 0 0 0 0 0 0 0 
1791 0 0 0 0 0 0 0 0 0 0 0 0 0 0 0 0 0 0 0 
1790 0 0 0 0 0 0 0 0 0 0 0 0 0 0 0 0 0 0 0 
1790 0 0 0 0 0 0 0 0 0 0 0 0 0 0 0 0 0 0 0 
1790 0 0 0 0 0 0 0 0 0 0 0 0 0 0 0 0 0 0 0 
1198 0 0 0 0 0 0 0 0 0 0 0 0 0 0 0 0 0 0 0 
1198 0 0 0 0 0 0 0 0 0 0 0 0 0 0 0 0 0 0 0 
1198 0 0 0 0 0 0 0 0 0 0 0 0 0 0 0 0 0 0 0 
1197 0 0 0 0 0 0 0 0 0 0 0 0 0 0 0 0 0 0 0 
942 0 0 0 0 0 0 0 0 0 0 0 0 0 0 0 0 0 0 0 
942 0 0 0 0 0 0 0 0 0 0 0 0 0 0 0 0 0 0 0 
942 0 0 0 0 0 0 0 0 0 0 0 0 0 0 0 0 0 0 0 
941 0 0 0 0 0 0 0 0 0 0 0 0 0 0 0 0 0 0 0 
