0 262791 96302 16067 3435 240 2 0 0 0 0 0 0 0 0 0 0 0 0 0 
0 269134 92768 14008 2640 286 0 0 0 0 0 0 0 0 0 0 0 0 0 0 
0 261240 93443 20772 3203 178 0 0 0 0 0 0 0 0 0 0 0 0 0 0 
0 274936 93748 9772 376 4 0 0 0 0 0 0 0 0 0 0 0 0 0 0 
0 388810 140869 17249 3449 364 2 0 0 0 0 0 0 0 0 0 0 0 0 0 
0 379787 146766 21653 2459 78 0 0 0 0 0 0 0 0 0 0 0 0 0 0 
0 395075 140548 13249 1754 116 0 0 0 0 0 0 0 0 0 0 0 0 0 0 
0 382350 163342 4684 356 10 0 0 0 0 0 0 0 0 0 0 0 0 0 0 
0 422777 154350 25992 4860 331 4 0 0 0 0 0 0 0 0 0 0 0 0 0 
0 408996 164692 30369 4134 122 0 0 0 0 0 0 0 0 0 0 0 0 0 0 
0 413670 167434 25054 2113 42 0 0 0 0 0 0 0 0 0 0 0 0 0 0 
0 410254 162460 31395 4089 115 0 0 0 0 0 0 0 0 0 0 0 0 0 0 
0 419401 272002 75018 20307 5155 399 40 0 0 0 0 0 0 0 0 0 0 0 0 
0 415587 279265 80093 15008 2323 46 0 0 0 0 0 0 0 0 0 0 0 0 0 
0 435519 290650 59106 5908 1099 40 0 0 0 0 0 0 0 0 0 0 0 0 0 
0 431510 282697 64135 11413 2433 133 0 0 0 0 0 0 0 0 0 0 0 0 0 
0 308501 118885 14656 1476 34 0 0 0 0 0 0 0 0 0 0 0 0 0 0 
0 303617 118304 19222 2353 56 0 0 0 0 0 0 0 0 0 0 0 0 0 0 
0 316696 106220 17474 2875 287 0 0 0 0 0 0 0 0 0 0 0 0 0 0 
0 319484 108647 14203 1169 48 0 0 0 0 0 0 0 0 0 0 0 0 0 0 
0 332242 119549 14307 1468 44 0 0 0 0 0 0 0 0 0 0 0 0 0 0 
0 326729 122249 16644 1880 104 3 0 0 0 0 0 0 0 0 0 0 0 0 0 
0 339992 117938 9220 441 18 0 0 0 0 0 0 0 0 0 0 0 0 0 0 
0 336851 116184 12762 1656 155 0 0 0 0 0 0 0 0 0 0 0 0 0 0 
0 392467 143153 10540 1555 77 0 0 0 0 0 0 0 0 0 0 0 0 0 0 
0 387568 141936 16671 1516 100 0 0 0 0 0 0 0 0 0 0 0 0 0 0 
0 390554 143099 13185 928 25 0 0 0 0 0 0 0 0 0 0 0 0 0 0 
0 382192 149702 14236 1565 95 0 0 0 0 0 0 0 0 0 0 0 0 0 0 
0 561141 205269 20778 2891 179 0 0 0 0 0 0 0 0 0 0 0 0 0 0 
0 529917 217686 38677 3787 178 12 0 0 0 0 0 0 0 0 0 0 0 0 0 
0 542538 220337 25276 2036 70 0 0 0 0 0 0 0 0 0 0 0 0 0 0 
0 567331 206603 15163 1107 52 0 0 0 0 0 0 0 0 0 0 0 0 0 0 
0 265087 102926 12900 1411 34 0 0 0 0 0 0 0 0 0 0 0 0 0 0 
0 261939 101875 16509 1983 52 0 0 0 0 0 0 0 0 0 0 0 0 0 0 
0 269363 95139 15307 2344 205 0 0 0 0 0 0 0 0 0 0 0 0 0 0 
0 275620 91659 13425 1548 105 0 0 0 0 0 0 0 0 0 0 0 0 0 0 
0 297981 109126 13430 1393 44 0 0 0 0 0 0 0 0 0 0 0 0 0 0 
0 297013 108584 14808 1535 33 0 0 0 0 0 0 0 0 0 0 0 0 0 0 
0 301724 109712 9841 622 71 3 0 0 0 0 0 0 0 0 0 0 0 0 0 
0 307845 103509 9462 1081 75 0 0 0 0 0 0 0 0 0 0 0 0 0 0 
0 317219 118030 16869 2266 141 2 0 0 0 0 0 0 0 0 0 0 0 0 0 
0 323381 112426 16523 1988 206 3 0 0 0 0 0 0 0 0 0 0 0 0 0 
0 318040 117244 17165 2017 61 0 0 0 0 0 0 0 0 0 0 0 0 0 0 
0 328339 113465 11479 1163 79 1 0 0 0 0 0 0 0 0 0 0 0 0 0 
0 377624 140889 21341 3530 112 0 0 0 0 0 0 0 0 0 0 0 0 0 0 
0 379270 135262 25847 3031 86 0 0 0 0 0 0 0 0 0 0 0 0 0 0 
0 366572 146107 26735 3863 219 0 0 0 0 0 0 0 0 0 0 0 0 0 0 
0 383663 145043 13089 1581 119 0 0 0 0 0 0 0 0 0 0 0 0 0 0 
0 433453 171428 33984 8859 891 29 0 0 0 0 0 0 0 0 0 0 0 0 0 
0 435400 178445 29148 5271 376 4 0 0 0 0 0 0 0 0 0 0 0 0 0 
0 437493 183202 24740 3045 164 0 0 0 0 0 0 0 0 0 0 0 0 0 0 
0 450758 177574 18394 1782 135 0 0 0 0 0 0 0 0 0 0 0 0 0 0 
0 432533 169823 25686 5478 273 4 0 0 0 0 0 0 0 0 0 0 0 0 0 
0 419591 177729 30558 5460 458 0 0 0 0 0 0 0 0 0 0 0 0 0 0 
0 421234 181428 27062 3883 189 0 0 0 0 0 0 0 0 0 0 0 0 0 0 
0 437610 174718 18799 2567 101 0 0 0 0 0 0 0 0 0 0 0 0 0 0 
0 334803 136309 18438 4300 525 12 0 0 0 0 0 0 0 0 0 0 0 0 0 
0 350267 127981 13814 2285 39 0 0 0 0 0 0 0 0 0 0 0 0 0 0 
0 335772 137895 18387 2259 73 0 0 0 0 0 0 0 0 0 0 0 0 0 0 
0 344518 131174 16289 2307 98 0 0 0 0 0 0 0 0 0 0 0 0 0 0 
0 383800 153809 18772 4541 554 42 3 0 0 0 0 0 0 0 0 0 0 0 0 
0 392205 148386 17070 3697 163 0 0 0 0 0 0 0 0 0 0 0 0 0 0 
0 383590 152034 21363 4144 387 3 0 0 0 0 0 0 0 0 0 0 0 0 0 
0 397701 147048 14655 2037 79 0 0 0 0 0 0 0 0 0 0 0 0 0 0 
0 334025 120256 11261 2092 255 6 0 0 0 0 0 0 0 0 0 0 0 0 0 
0 330154 125459 11655 604 22 0 0 0 0 0 0 0 0 0 0 0 0 0 0 
0 325913 124366 14874 2381 360 0 0 0 0 0 0 0 0 0 0 0 0 0 0 
0 329958 124448 11446 1718 293 30 0 0 0 0 0 0 0 0 0 0 0 0 0 
0 332743 119500 11655 2402 191 11 0 0 0 0 0 0 0 0 0 0 0 0 0 
0 329497 124317 12170 511 7 0 0 0 0 0 0 0 0 0 0 0 0 0 0 
0 321470 130097 13367 1529 38 0 0 0 0 0 0 0 0 0 0 0 0 0 0 
0 325497 125906 13066 1990 42 0 0 0 0 0 0 0 0 0 0 0 0 0 0 
0 238948 82399 11163 2170 105 0 0 0 0 0 0 0 0 0 0 0 0 0 0 
0 242037 85451 6643 646 8 0 0 0 0 0 0 0 0 0 0 0 0 0 0 
0 241848 85494 6322 1101 20 0 0 0 0 0 0 0 0 0 0 0 0 0 0 
0 246053 80776 7054 884 17 0 0 0 0 0 0 0 0 0 0 0 0 0 0 
0 206048 68779 5345 1392 111 0 0 0 0 0 0 0 0 0 0 0 0 0 0 
0 198843 75788 6219 803 21 0 0 0 0 0 0 0 0 0 0 0 0 0 0 
0 200189 73093 7687 694 11 0 0 0 0 0 0 0 0 0 0 0 0 0 0 
0 208241 68939 4202 279 13 0 0 0 0 0 0 0 0 0 0 0 0 0 0 
0 338326 128244 15149 3423 110 0 0 0 0 0 0 0 0 0 0 0 0 0 0 
0 337143 129586 15751 2477 294 0 0 0 0 0 0 0 0 0 0 0 0 0 0 
0 345609 126644 12103 878 17 0 0 0 0 0 0 0 0 0 0 0 0 0 0 
0 347195 124273 12190 1414 169 10 0 0 0 0 0 0 0 0 0 0 0 0 0 
0 343048 130304 15037 2982 99 0 0 0 0 0 0 0 0 0 0 0 0 0 0 
0 348570 127702 13380 1633 179 5 0 0 0 0 0 0 0 0 0 0 0 0 0 
0 347678 131540 10984 1170 97 0 0 0 0 0 0 0 0 0 0 0 0 0 0 
0 347059 131898 10581 1730 192 9 0 0 0 0 0 0 0 0 0 0 0 0 0 
0 607438 233341 31003 6555 1055 83 4 0 0 0 0 0 0 0 0 0 0 0 0 
0 573401 248029 49935 7811 302 0 0 0 0 0 0 0 0 0 0 0 0 0 0 
0 582561 249762 40387 6307 461 0 0 0 0 0 0 0 0 0 0 0 0 0 0 
0 613481 239395 23153 3258 190 0 0 0 0 0 0 0 0 0 0 0 0 0 0 
0 657296 269675 52076 9960 1093 87 6 0 0 0 0 0 0 0 0 0 0 0 0 
0 614455 285826 76586 12641 684 0 0 0 0 0 0 0 0 0 0 0 0 0 0 
0 626439 287899 64668 10661 525 0 0 0 0 0 0 0 0 0 0 0 0 0 0 
0 680229 273514 30918 5212 317 1 0 0 0 0 0 0 0 0 0 0 0 0 0 
0 402253 153217 8171 1166 237 17 0 0 0 0 0 0 0 0 0 0 0 0 0 
0 396526 151345 15141 1981 67 0 0 0 0 0 0 0 0 0 0 0 0 0 0 
0 397238 155913 11002 896 11 0 0 0 0 0 0 0 0 0 0 0 0 0 0 
0 394341 154201 15563 943 11 0 0 0 0 0 0 0 0 0 0 0 0 0 0 
0 422097 167934 12040 1876 231 15 0 0 0 0 0 0 0 0 0 0 0 0 0 
0 419754 167409 15273 1669 87 0 0 0 0 0 0 0 0 0 0 0 0 0 0 
0 423185 166662 12923 1320 102 0 0 0 0 0 0 0 0 0 0 0 0 0 0 
0 432342 162384 9095 370 1 0 0 0 0 0 0 0 0 0 0 0 0 0 0 
0 590200 231859 30839 8979 854 50 6 0 0 0 0 0 0 0 0 0 0 0 0 
0 593522 234675 30128 4266 195 0 0 0 0 0 0 0 0 0 0 0 0 0 0 
0 567793 251160 38736 4837 260 0 0 0 0 0 0 0 0 0 0 0 0 0 0 
0 591075 234912 32662 3973 164 0 0 0 0 0 0 0 0 0 0 0 0 0 0 
0 591768 248082 36480 7866 889 51 4 0 0 0 0 0 0 0 0 0 0 0 0 
0 595709 245964 36089 6876 500 1 0 0 0 0 0 0 0 0 0 0 0 0 0 
0 582308 252340 42167 7683 640 1 0 0 0 0 0 0 0 0 0 0 0 0 0 
0 601386 246417 31721 5308 306 0 0 0 0 0 0 0 0 0 0 0 0 0 0 
0 331229 119639 15373 2306 101 4 0 0 0 0 0 0 0 0 0 0 0 0 0 
0 329095 119244 17103 3029 180 1 0 0 0 0 0 0 0 0 0 0 0 0 0 
0 317224 128320 19059 3765 274 9 0 0 0 0 0 0 0 0 0 0 0 0 0 
0 332777 121907 11597 2286 84 0 0 0 0 0 0 0 0 0 0 0 0 0 0 
0 334652 119869 14812 2473 94 0 0 0 0 0 0 0 0 0 0 0 0 0 0 
0 337711 120077 12151 1875 86 0 0 0 0 0 0 0 0 0 0 0 0 0 0 
0 319534 133250 16418 2595 103 0 0 0 0 0 0 0 0 0 0 0 0 0 0 
0 328071 129071 12272 2394 91 0 0 0 0 0 0 0 0 0 0 0 0 0 0 
0 401466 147168 21964 2889 248 4 0 0 0 0 0 0 0 0 0 0 0 0 0 
0 395152 149774 24123 4100 570 20 0 0 0 0 0 0 0 0 0 0 0 0 0 
0 393485 158510 20799 929 15 0 0 0 0 0 0 0 0 0 0 0 0 0 0 
0 395160 151326 23145 3618 482 7 0 0 0 0 0 0 0 0 0 0 0 0 0 
0 393102 146777 22227 3483 150 1 0 0 0 0 0 0 0 0 0 0 0 0 0 
0 378873 155350 26077 4922 518 0 0 0 0 0 0 0 0 0 0 0 0 0 0 
0 385249 157150 20253 2849 237 1 0 0 0 0 0 0 0 0 0 0 0 0 0 
0 387221 154765 20466 2931 356 0 0 0 0 0 0 0 0 0 0 0 0 0 0 
0 401643 145222 21647 5375 425 5 0 0 0 0 0 0 0 0 0 0 0 0 0 
0 392064 146831 29518 5357 545 1 0 0 0 0 0 0 0 0 0 0 0 0 0 
0 390995 144253 33104 5610 354 0 0 0 0 0 0 0 0 0 0 0 0 0 0 
0 418056 133392 19629 2998 240 1 0 0 0 0 0 0 0 0 0 0 0 0 0 
0 430957 146401 16822 3468 364 3 0 0 0 0 0 0 0 0 0 0 0 0 0 
0 409215 155319 27761 5420 299 0 0 0 0 0 0 0 0 0 0 0 0 0 0 
0 399956 159445 31267 6356 979 11 0 0 0 0 0 0 0 0 0 0 0 0 0 
0 420351 155720 18663 2977 302 0 0 0 0 0 0 0 0 0 0 0 0 0 0 
0 482599 194584 31633 7403 699 64 2 0 0 0 0 0 0 0 0 0 0 0 0 
0 454657 201594 50696 9240 782 14 0 0 0 0 0 0 0 0 0 0 0 0 0 
0 483862 190276 37135 5162 495 53 0 0 0 0 0 0 0 0 0 0 0 0 0 
0 501623 185140 26130 3715 369 6 0 0 0 0 0 0 0 0 0 0 0 0 0 
0 465245 181781 29737 6690 811 64 1 0 0 0 0 0 0 0 0 0 0 0 0 
0 455458 190524 33620 4513 213 0 0 0 0 0 0 0 0 0 0 0 0 0 0 
0 472587 182361 26739 2524 117 0 0 0 0 0 0 0 0 0 0 0 0 0 0 
0 484545 176654 20472 2549 107 0 0 0 0 0 0 0 0 0 0 0 0 0 0 
0 473474 176836 18485 3379 176 2 0 0 0 0 0 0 0 0 0 0 0 0 0 
0 459123 179336 29043 4654 195 0 0 0 0 0 0 0 0 0 0 0 0 0 0 
0 458148 179324 30696 4065 118 0 0 0 0 0 0 0 0 0 0 0 0 0 0 
0 474368 171351 23377 3074 180 0 0 0 0 0 0 0 0 0 0 0 0 0 0 
0 485861 187330 21537 3129 229 1 0 0 0 0 0 0 0 0 0 0 0 0 0 
0 480276 183357 30175 4057 221 0 0 0 0 0 0 0 0 0 0 0 0 0 0 
0 482323 185828 26973 2744 216 2 0 0 0 0 0 0 0 0 0 0 0 0 0 
0 483003 189756 22365 2853 108 0 0 0 0 0 0 0 0 0 0 0 0 0 0 
0 329500 121996 8401 909 23 0 0 0 0 0 0 0 0 0 0 0 0 0 0 
0 332781 118574 8657 785 31 0 0 0 0 0 0 0 0 0 0 0 0 0 0 
0 335950 116456 8115 307 0 0 0 0 0 0 0 0 0 0 0 0 0 0 0 
0 338303 116716 5730 78 0 0 0 0 0 0 0 0 0 0 0 0 0 0 0 
0 387273 145419 12100 1877 69 0 0 0 0 0 0 0 0 0 0 0 0 0 0 
0 390564 138473 15522 2049 129 0 0 0 0 0 0 0 0 0 0 0 0 0 0 
0 390937 140431 14177 1173 19 0 0 0 0 0 0 0 0 0 0 0 0 0 0 
0 398372 139854 7932 570 9 0 0 0 0 0 0 0 0 0 0 0 0 0 0 
0 496436 196457 20769 3645 254 8 0 0 0 0 0 0 0 0 0 0 0 0 0 
0 477572 200008 35497 4300 191 0 0 0 0 0 0 0 0 0 0 0 0 0 0 
0 495484 194137 24998 2881 68 0 0 0 0 0 0 0 0 0 0 0 0 0 0 
0 496751 196796 20961 2934 126 0 0 0 0 0 0 0 0 0 0 0 0 0 0 
0 508650 205809 19318 2688 233 7 0 0 0 0 0 0 0 0 0 0 0 0 0 
0 498424 204781 29763 3617 120 0 0 0 0 0 0 0 0 0 0 0 0 0 0 
0 501819 204362 26127 4180 215 1 0 0 0 0 0 0 0 0 0 0 0 0 0 
0 510984 204030 19439 2114 137 0 0 0 0 0 0 0 0 0 0 0 0 0 0 
0 638187 235765 27989 5736 568 14 0 0 0 0 0 0 0 0 0 0 0 0 0 
0 588038 262140 50919 6830 331 0 0 0 0 0 0 0 0 0 0 0 0 0 0 
0 571573 260800 64495 10870 519 1 0 0 0 0 0 0 0 0 0 0 0 0 0 
0 633088 246344 25397 3298 131 0 0 0 0 0 0 0 0 0 0 0 0 0 0 
0 575930 223885 37515 7287 692 23 0 0 0 0 0 0 0 0 0 0 0 0 0 
0 542689 245193 49578 7555 317 0 0 0 0 0 0 0 0 0 0 0 0 0 0 
0 545224 241402 49117 8906 682 0 0 0 0 0 0 0 0 0 0 0 0 0 0 
0 570852 237752 31646 4902 179 0 0 0 0 0 0 0 0 0 0 0 0 0 0 
0 462195 179419 27269 8990 1033 18 0 0 0 0 0 0 0 0 0 0 0 0 0 
0 451837 180840 39082 6691 474 0 0 0 0 0 0 0 0 0 0 0 0 0 0 
0 446194 181040 42803 7972 856 59 0 0 0 0 0 0 0 0 0 0 0 0 0 
0 463914 173465 33370 7540 621 13 0 0 0 0 0 0 0 0 0 0 0 0 0 
0 444759 180487 31183 8615 1193 22 0 0 0 0 0 0 0 0 0 0 0 0 0 
0 439953 178736 41086 6045 438 1 0 0 0 0 0 0 0 0 0 0 0 0 0 
0 441447 176521 41427 6467 396 1 0 0 0 0 0 0 0 0 0 0 0 0 0 
0 467358 171829 23640 3131 296 4 0 0 0 0 0 0 0 0 0 0 0 0 0 
0 370586 140970 14522 1971 252 8 0 0 0 0 0 0 0 0 0 0 0 0 0 
0 377466 135680 14001 1123 38 0 0 0 0 0 0 0 0 0 0 0 0 0 0 
0 363137 140653 20988 3280 250 0 0 0 0 0 0 0 0 0 0 0 0 0 0 
0 364711 148493 12896 2101 106 0 0 0 0 0 0 0 0 0 0 0 0 0 0 
0 569185 232051 35376 4498 293 13 0 0 0 0 0 0 0 0 0 0 0 0 0 
0 542229 245406 48082 5530 168 0 0 0 0 0 0 0 0 0 0 0 0 0 0 
0 568538 233634 34221 4644 378 0 0 0 0 0 0 0 0 0 0 0 0 0 0 
0 583839 229238 24185 4027 126 0 0 0 0 0 0 0 0 0 0 0 0 0 0 
0 544814 222141 37013 5608 344 10 0 0 0 0 0 0 0 0 0 0 0 0 0 
0 541363 225332 37756 5218 260 0 0 0 0 0 0 0 0 0 0 0 0 0 0 
0 533733 222335 45177 8064 620 0 0 0 0 0 0 0 0 0 0 0 0 0 0 
0 558431 217316 28989 4671 497 25 0 0 0 0 0 0 0 0 0 0 0 0 0 
0 533981 207581 22520 3660 342 6 0 0 0 0 0 0 0 0 0 0 0 0 0 
0 519641 210618 32435 5044 351 0 0 0 0 0 0 0 0 0 0 0 0 0 0 
0 504597 213349 41604 7918 618 3 0 0 0 0 0 0 0 0 0 0 0 0 0 
0 526363 211635 25936 3910 244 0 0 0 0 0 0 0 0 0 0 0 0 0 0 
0 412082 142595 13205 2043 151 10 0 0 0 0 0 0 0 0 0 0 0 0 0 
0 386429 157483 23156 2926 91 0 0 0 0 0 0 0 0 0 0 0 0 0 0 
0 395934 154782 17417 1896 56 0 0 0 0 0 0 0 0 0 0 0 0 0 0 
0 406638 153415 9182 843 7 0 0 0 0 0 0 0 0 0 0 0 0 0 0 
0 458026 185318 31060 5203 469 13 0 0 0 0 0 0 0 0 0 0 0 0 0 
0 441974 199735 34952 3340 87 0 0 0 0 0 0 0 0 0 0 0 0 0 0 
0 450402 195259 30992 3344 91 0 0 0 0 0 0 0 0 0 0 0 0 0 0 
0 484691 185760 8562 1008 67 0 0 0 0 0 0 0 0 0 0 0 0 0 0 
0 306842 117288 9328 1466 197 6 0 0 0 0 0 0 0 0 0 0 0 0 0 
0 312446 111789 10110 775 6 0 0 0 0 0 0 0 0 0 0 0 0 0 0 
0 308551 112523 12923 1103 26 0 0 0 0 0 0 0 0 0 0 0 0 0 0 
0 311865 112488 9841 911 20 0 0 0 0 0 0 0 0 0 0 0 0 0 0 
0 340751 123810 7556 727 116 1 0 0 0 0 0 0 0 0 0 0 0 0 0 
0 339472 122953 9509 963 64 0 0 0 0 0 0 0 0 0 0 0 0 0 0 
0 337379 123746 10802 1031 3 0 0 0 0 0 0 0 0 0 0 0 0 0 0 
0 339883 124329 8208 539 1 0 0 0 0 0 0 0 0 0 0 0 0 0 0 
0 252581 99684 11986 3227 338 9 0 0 0 0 0 0 0 0 0 0 0 0 0 
0 262126 90748 12781 2028 142 0 0 0 0 0 0 0 0 0 0 0 0 0 0 
0 254649 91456 19266 2399 55 0 0 0 0 0 0 0 0 0 0 0 0 0 0 
0 262757 92879 11491 696 1 0 0 0 0 0 0 0 0 0 0 0 0 0 0 
0 261632 98304 11821 2902 278 5 0 0 0 0 0 0 0 0 0 0 0 0 0 
0 268366 91651 13087 1717 121 0 0 0 0 0 0 0 0 0 0 0 0 0 0 
0 263751 93624 15822 1693 52 0 0 0 0 0 0 0 0 0 0 0 0 0 0 
0 269017 96991 8445 468 20 0 0 0 0 0 0 0 0 0 0 0 0 0 0 
0 295852 102319 17578 2666 221 8 0 0 0 0 0 0 0 0 0 0 0 0 0 
0 298885 106735 11002 1783 235 4 0 0 0 0 0 0 0 0 0 0 0 0 0 
0 288878 108254 18238 3170 104 0 0 0 0 0 0 0 0 0 0 0 0 0 0 
0 295724 106573 13627 2520 199 0 0 0 0 0 0 0 0 0 0 0 0 0 0 
0 288421 94584 14847 2243 216 6 0 0 0 0 0 0 0 0 0 0 0 0 0 
0 285692 103361 9987 1218 58 0 0 0 0 0 0 0 0 0 0 0 0 0 0 
0 277226 105504 14425 2966 195 0 0 0 0 0 0 0 0 0 0 0 0 0 0 
0 287174 101993 9604 1421 124 0 0 0 0 0 0 0 0 0 0 0 0 0 0 
0 510375 196439 27200 6514 1066 89 4 0 0 0 0 0 0 0 0 0 0 0 0 
0 482037 207737 43199 8007 701 5 0 0 0 0 0 0 0 0 0 0 0 0 0 
0 493405 200751 41805 5323 389 13 0 0 0 0 0 0 0 0 0 0 0 0 0 
0 503415 197823 34460 5490 485 12 0 0 0 0 0 0 0 0 0 0 0 0 0 
0 509453 199063 28136 7831 1153 79 2 0 0 0 0 0 0 0 0 0 0 0 0 
0 497508 204310 37937 5633 327 2 0 0 0 0 0 0 0 0 0 0 0 0 0 
0 498096 208105 35081 4199 233 3 0 0 0 0 0 0 0 0 0 0 0 0 0 
0 514512 198770 27912 4248 273 1 0 0 0 0 0 0 0 0 0 0 0 0 0 
0 352093 124155 9286 2038 285 14 0 0 0 0 0 0 0 0 0 0 0 0 0 
0 347987 127977 9769 1911 227 0 0 0 0 0 0 0 0 0 0 0 0 0 0 
0 334961 134988 15127 2594 201 0 0 0 0 0 0 0 0 0 0 0 0 0 0 
0 340669 136739 8452 1714 290 6 0 0 0 0 0 0 0 0 0 0 0 0 0 
0 352093 124155 9286 2038 285 14 0 0 0 0 0 0 0 0 0 0 0 0 0 
0 347987 127977 9769 1911 227 0 0 0 0 0 0 0 0 0 0 0 0 0 0 
0 334961 134988 15127 2594 201 0 0 0 0 0 0 0 0 0 0 0 0 0 0 
0 340669 136739 8452 1714 290 6 0 0 0 0 0 0 0 0 0 0 0 0 0 
0 411644 143109 19842 4292 972 87 2 0 0 0 0 0 0 0 0 0 0 0 0 
0 391354 156133 29064 3334 62 0 0 0 0 0 0 0 0 0 0 0 0 0 0 
0 374252 161185 37534 6408 544 24 0 0 0 0 0 0 0 0 0 0 0 0 0 
0 380674 161035 31620 6089 528 0 0 0 0 0 0 0 0 0 0 0 0 0 0 
0 407524 147240 29139 5353 763 80 2 0 0 0 0 0 0 0 0 0 0 0 0 
0 400842 153137 31796 4079 246 0 0 0 0 0 0 0 0 0 0 0 0 0 0 
0 391040 158744 35405 4626 285 0 0 0 0 0 0 0 0 0 0 0 0 0 0 
0 402142 157114 26424 4071 348 0 0 0 0 0 0 0 0 0 0 0 0 0 0 
0 362859 135563 17144 2484 234 11 0 0 0 0 0 0 0 0 0 0 0 0 0 
0 359971 138909 16404 2739 271 0 0 0 0 0 0 0 0 0 0 0 0 0 0 
0 354644 143065 18438 2108 39 0 0 0 0 0 0 0 0 0 0 0 0 0 0 
0 357211 141663 17126 2199 93 1 0 0 0 0 0 0 0 0 0 0 0 0 0 
0 363080 133176 15173 2168 226 4 0 0 0 0 0 0 0 0 0 0 0 0 0 
0 357039 134580 18470 3289 448 1 0 0 0 0 0 0 0 0 0 0 0 0 0 
0 352979 141842 17306 1694 5 0 0 0 0 0 0 0 0 0 0 0 0 0 0 
0 363781 139156 10223 625 41 0 0 0 0 0 0 0 0 0 0 0 0 0 0 
0 275473 96018 6053 440 34 0 0 0 0 0 0 0 0 0 0 0 0 0 0 
0 264569 94462 16145 2582 258 1 0 0 0 0 0 0 0 0 0 0 0 0 0 
0 272223 88202 15260 2185 146 1 0 0 0 0 0 0 0 0 0 0 0 0 0 
0 279151 89188 9208 466 3 0 0 0 0 0 0 0 0 0 0 0 0 0 0 
0 369428 125982 9909 1049 39 0 0 0 0 0 0 0 0 0 0 0 0 0 0 
0 357017 127156 20096 2101 37 0 0 0 0 0 0 0 0 0 0 0 0 0 0 
0 364616 126165 14340 1259 27 0 0 0 0 0 0 0 0 0 0 0 0 0 0 
0 376252 121232 8457 458 7 0 0 0 0 0 0 0 0 0 0 0 0 0 0 
0 443839 169724 19085 3814 187 1 0 0 0 0 0 0 0 0 0 0 0 0 0 
0 429847 172836 26622 6722 622 0 0 0 0 0 0 0 0 0 0 0 0 0 0 
0 419387 175742 33120 7908 485 7 0 0 0 0 0 0 0 0 0 0 0 0 0 
0 441486 176023 16550 2466 123 0 0 0 0 0 0 0 0 0 0 0 0 0 0 
0 434828 292345 65886 15401 2935 171 0 0 0 0 0 0 0 0 0 0 0 0 0 
0 423649 290872 73364 17519 5690 449 22 0 0 0 0 0 0 0 0 0 0 0 0 
0 415496 288269 82884 19701 4937 275 3 0 0 0 0 0 0 0 0 0 0 0 0 
0 436341 298142 67109 8589 1353 31 0 0 0 0 0 0 0 0 0 0 0 0 0 
0 267482 177371 37076 4677 843 39 0 0 0 0 0 0 0 0 0 0 0 0 0 
0 271496 177329 33080 4455 1022 105 0 0 0 0 0 0 0 0 0 0 0 0 0 
0 271309 169700 39378 6426 666 8 0 0 0 0 0 0 0 0 0 0 0 0 0 
0 285252 166878 32269 2860 216 11 0 0 0 0 0 0 0 0 0 0 0 0 0 
0 278904 181651 40278 5554 696 15 0 0 0 0 0 0 0 0 0 0 0 0 0 
0 287088 184557 32323 2791 332 6 0 0 0 0 0 0 0 0 0 0 0 0 0 
0 279984 180616 40889 4940 658 10 0 0 0 0 0 0 0 0 0 0 0 0 0 
0 289051 180808 34567 2343 296 31 0 0 0 0 0 0 0 0 0 0 0 0 0 
0 348301 225871 62045 17225 4810 386 17 0 0 0 0 0 0 0 0 0 0 0 0 
0 372155 227284 50336 7568 1269 43 0 0 0 0 0 0 0 0 0 0 0 0 0 
0 368072 237937 48158 3880 576 31 0 0 0 0 0 0 0 0 0 0 0 0 0 
0 365497 233736 50843 7352 1218 8 0 0 0 0 0 0 0 0 0 0 0 0 0 
0 357884 230055 58517 13647 3003 193 0 0 0 0 0 0 0 0 0 0 0 0 0 
0 364093 237045 51484 8996 1616 65 0 0 0 0 0 0 0 0 0 0 0 0 0 
0 366094 241399 50317 4685 697 93 14 0 0 0 0 0 0 0 0 0 0 0 0 
0 367199 240764 48682 5579 975 96 3 0 0 0 0 0 0 0 0 0 0 0 0 
0 386999 254862 58357 9800 1149 28 0 0 0 0 0 0 0 0 0 0 0 0 0 
0 398829 254820 51645 4871 1000 29 0 0 0 0 0 0 0 0 0 0 0 0 0 
0 388498 251981 60536 8465 1621 93 0 0 0 0 0 0 0 0 0 0 0 0 0 
0 400205 248728 54961 6671 608 21 0 0 0 0 0 0 0 0 0 0 0 0 0 
0 427700 287441 66420 14153 2651 141 1 0 0 0 0 0 0 0 0 0 0 0 0 
0 423378 281049 73090 16659 3816 468 47 0 0 0 0 0 0 0 0 0 0 0 0 
0 438469 277670 65716 12931 3508 212 0 0 0 0 0 0 0 0 0 0 0 0 0 
0 453163 284985 55414 4672 272 0 0 0 0 0 0 0 0 0 0 0 0 0 0 
